7.502899849842955879e-08 2.714758542194818845e-05 1.903919982195881725e-09
7.749643248051460440e-08 2.794639627684384836e-05 2.022482724854947954e-09
8.004217528073626812e-08 2.876667326766147589e-05 2.148219384617518201e-09
8.266861177261550683e-08 2.960892550166800114e-05 2.281550377747074632e-09
8.537819599217973676e-08 3.047367200305719538e-05 2.422919887397418343e-09
8.817345302699903652e-08 3.136144183948139758e-05 2.572797153002063404e-09
9.105698095300575506e-08 3.227277424808685916e-05 2.731677826327767107e-09
9.403145282016448170e-08 3.320821876097524095e-05 2.900085397448771756e-09
9.709961868811960703e-08 3.416833532999124118e-05 3.078572694038977594e-09
1.002643077129329598e-07 3.515369445074442104e-05 3.267723457536752574e-09
1.035284302860588523e-07 3.616487728578947244e-05 3.468153999898706249e-09
1.068949802267492233e-07 3.720247578684215576e-05 3.680514944821286125e-09
1.103670370290585903e-07 3.826709281595201825e-05 3.905493057485005228e-09
1.139477681646663560e-07 3.935934226551687955e-05 4.143813167055536708e-09
1.176404314427876263e-07 4.047984917704786236e-05 4.396240186363398797e-09
1.214483774283872913e-07 4.162924985856460136e-05 4.663581233378905042e-09
1.253750519200022109e-07 4.280819200051648612e-05 4.946687859303039109e-09
1.294239984885011597e-07 4.401733479011938309e-05 5.246458388299563326e-09
1.335988610780671914e-07 4.525734902399053302e-05 5.563840374125150009e-09
1.379033866708016394e-07 4.652891721895736042e-05 5.899833179127280598e-09
1.423414280163093097e-07 4.783273372093756870e-05 6.255490681323191200e-09
1.469169464276660158e-07 4.916950481174374037e-05 6.631924115519564360e-09
1.516340146451918955e-07 5.053994881369861447e-05 7.030305054688192085e-09
1.564968197695306041e-07 5.194479619194099316e-05 7.451868538064365875e-09
1.615096662654404067e-07 5.338478965426912015e-05 7.897916352730024860e-09
1.666769790378648154e-07 5.486068424840554857e-05 8.369820475710728574e-09
1.720033065817590960e-07 5.637324745653751724e-05 8.869026683918644514e-09
1.774933242073070231e-07 5.792325928699791301e-05 9.397058339578706432e-09
1.831518373420167258e-07 5.951151236293460422e-05 9.955520359090853976e-09
1.889837849113786561e-07 6.113881200784804248e-05 1.054610337361167500e-08
1.949942427996702099e-07 6.280597632781211395e-05 1.117058808998150834e-08
2.011884273926244427e-07 6.451383629025811027e-05 1.183084986096261917e-08
2.075716992036110181e-07 6.626323579916495565e-05 1.252886347415215473e-08
2.141495665850428864e-07 6.805503176648410816e-05 1.326670816926304236e-08
2.209276895268058565e-07 6.989009417965701674e-05 1.404657289390796152e-08
2.279118835434285279e-07 7.176930616506221221e-05 1.487076180839093151e-08
2.351081236518129356e-07 7.369356404722330332e-05 1.574170005045322627e-08
2.425225484413754838e-07 7.566377740362119700e-05 1.666193977132783009e-08
2.501614642384479553e-07 7.768086911492915597e-05 1.763416645494834520e-08
2.580313493667804184e-07 7.974577541052958458e-05 1.866120553257516841e-08
2.661388585061541324e-07 8.185944590910123198e-05 1.974602930559811818e-08
2.744908271509477303e-07 8.402284365413921388e-05 2.089176418979978805e-08
2.830942761707104666e-07 8.623694514419949617e-05 2.210169829482488654e-08
2.919564164747115130e-07 8.850274035772845286e-05 2.337928935315219261e-08
3.010846537824905564e-07 9.082123277225725609e-05 2.472817301343211980e-08
3.104865935024973185e-07 9.319343937780193729e-05 2.615217151357582545e-08
3.201700457208585939e-07 9.562039068428582179e-05 2.765530274958951811e-08
3.301430303025204607e-07 9.810313072277864984e-05 2.924178975673559909e-08
3.404137821067361802e-07 1.006427170404017752e-04 3.091607062022135953e-08
3.509907563192453789e-07 1.032402206886711484e-04 3.268280883326312363e-08
3.618826339032192672e-07 1.058967262051154959e-04 3.454690412098393345e-08
3.730983271713771505e-07 1.086133315879487610e-04 3.651350374936712583e-08
3.846469854813731270e-07 1.113911482636613625e-04 3.858801433908508872e-08
3.965380010568327647e-07 1.142313010472562675e-04 4.077611420478207073e-08
4.087810149364427381e-07 1.171349280950068734e-04 4.308376624115889141e-08
4.213859230532943311e-07 1.201031808494836076e-04 4.551723137789810546e-08
4.343628824470228607e-07 1.231372239767151283e-04 4.808308262629713479e-08
4.477223176110903075e-07 1.262382352952121946e-04 5.078821974125275127e-08
4.614749269776771824e-07 1.294074056967239937e-04 5.363988452308013288e-08
4.756316895426294400e-07 1.326459390584842945e-04 5.664567678447449423e-08
4.902038716330946018e-07 1.359550521467560653e-04 5.981357100881192299e-08
5.052030338202026904e-07 1.393359745115166826e-04 6.315193372686183245e-08
5.206410379795275731e-07 1.427899483720180879e-04 6.666954163990384148e-08
5.365300545018622945e-07 1.463182284930518895e-04 7.037560051819495695e-08
5.528825696568780872e-07 1.499220820517745329e-04 7.427976490461482104e-08
5.697113931125068945e-07 1.536027884947889087e-04 7.839215865447270774e-08
5.870296656124203706e-07 1.573616393853662532e-04 8.272339634327487151e-08
6.048508668147449888e-07 1.611999382406028311e-04 8.728460557536543349e-08
6.231888232943669539e-07 1.651190003582744749e-04 9.208745022748938615e-08
6.420577167117487557e-07 1.691201526332418274e-04 9.714415466227363649e-08
6.614720921512199699e-07 1.732047333631640503e-04 1.024675289478053138e-07
6.814468666312438040e-07 1.773740920434071838e-04 1.080709951206158874e-07
7.019973377897789075e-07 1.816295891508620396e-04 1.139686145304987423e-07
7.231391927474599720e-07 1.859725959165581927e-04 1.201751163068450170e-07
7.448885171516248421e-07 1.904044940868377430e-04 1.267059269872063049e-07
7.672618044040451802e-07 1.949266756729687439e-04 1.335772013503471142e-07
7.902759650752422881e-07 1.995405426889366258e-04 1.408058544969457831e-07
8.139483365086182494e-07 2.042475068773104809e-04 1.484095952225587044e-07
8.382966926170681078e-07 2.090489894229312622e-04 1.564069607288001902e-07
8.633392538753844539e-07 2.139464206543815409e-04 1.648173527200109261e-07
8.890946975114083388e-07 2.189412397328821221e-04 1.736610749337602400e-07
9.155821678989297786e-07 2.240348943286031070e-04 1.829593721553920490e-07
9.428212871554883868e-07 2.292288402842050860e-04 1.927344707677710929e-07
9.708321659482417217e-07 2.345245412653780917e-04 2.030096208890373515e-07
9.996354145110112287e-07 2.399234683982771009e-04 2.138091401525439210e-07
1.029252153875473147e-06 2.454270998937530391e-04 2.251584591845877303e-07
1.059704027320073094e-06 2.510369206581500854e-04 2.370841688371619508e-07
1.091013212039384999e-06 2.567544218905691263e-04 2.496140692340920735e-07
1.123202431037507178e-06 2.625811006664992373e-04 2.627772206909243004e-07
1.156294965248341905e-06 2.685184595076042010e-04 2.766039965702102636e-07
1.190314665886550850e-06 2.745680059376875070e-04 2.911261381350958855e-07
1.225285967031755017e-06 2.807312520245340472e-04 3.063768114663130188e-07
1.261233898449645352e-06 2.870097139077066217e-04 3.223906665087432852e-07
1.298184098653431958e-06 2.934049113120219235e-04 3.392038983154681817e-07
1.336162828208404261e-06 2.999183670468083497e-04 3.568543105588598845e-07
1.375196983283316580e-06 3.065516064906485686e-04 3.753813813798328112e-07
1.415314109451690975e-06 3.133061570616994872e-04 3.948263316479662030e-07
1.456542415746546216e-06 3.201835476734164179e-04 4.152321957070188392e-07
1.498910788971521505e-06 3.271853081756375889e-04 4.366438946813489764e-07
1.542448808272020040e-06 3.343129687810418994e-04 4.591083124216447997e-07
1.587186759969653628e-06 3.415680594768271024e-04 4.826743741685495558e-07
1.633155652663064748e-06 3.489521094216377958e-04 5.073931280150520505e-07
1.680387232598612046e-06 3.564666463276987707e-04 5.333178292509421132e-07
1.728913999314324122e-06 3.641131958281570232e-04 5.605040276722784759e-07
1.778769221560320201e-06 3.718932808295363681e-04 5.890096579424234466e-07
1.829986953498741101e-06 3.798084208494634391e-04 6.188951330920077265e-07
1.882602051187054850e-06 3.878601313395271073e-04 6.502234412458960436e-07
1.936650189347526254e-06 3.960499229933374019e-04 6.830602456687399948e-07
1.992167878426196813e-06 4.043793010398383063e-04 7.174739882199553906e-07
2.049192481944925334e-06 4.128497645219413232e-04 7.535359963130506624e-07
2.107762234149317059e-06 4.214628055604752567e-04 7.913205934728469330e-07
2.167916257955988517e-06 4.302199086035161783e-04 8.309052135879589402e-07
2.229694583202524682e-06 4.391225496612130986e-04 8.723705189568259886e-07
2.293138165202761443e-06 4.481721955262351676e-04 9.158005222251792315e-07
2.358288903611184267e-06 4.573703029798431119e-04 9.612827123168976639e-07
2.425189661599150622e-06 4.667183179837502516e-04 1.008908184460179689e-06
2.493884285345942252e-06 4.762176748579602294e-04 1.058771774410876228e-06
2.564417623848427206e-06 4.858697954445343435e-04 1.110972196979370384e-06
2.636835549051340778e-06 4.956760882577601656e-04 1.165612188964366349e-06
2.711184976301725107e-06 5.056379476205487321e-04 1.222798656602342876e-06
2.787513885130745745e-06 5.157567527873836710e-04 1.282642827638807513e-06
2.865871340365015895e-06 5.260338670541889411e-04 1.345260408129647513e-06
2.946307513570970194e-06 5.364706368549737505e-04 1.410771744083615598e-06
3.028873704834890974e-06 5.470683908457790821e-04 1.479301988054513323e-06
3.113622364881100563e-06 5.578284389759462095e-04 1.550981270793434698e-06
3.200607117531185149e-06 5.687520715472156943e-04 1.625944878075134284e-06
3.289882782507093270e-06 5.798405582606348547e-04 1.704333432806346856e-06
3.381505398580538209e-06 5.910951472516788726e-04 1.786293082532013400e-06
3.475532247070768536e-06 6.025170641140606366e-04 1.871975692448188586e-06
3.572021875694096177e-06 6.141075109121723989e-04 1.961539044037672161e-06
3.671034122766732518e-06 6.258676651828149742e-04 2.055147039438179973e-06
3.772630141763172089e-06 6.377986789264148380e-04 2.152969911655250907e-06
3.876872426233636911e-06 6.499016775880067914e-04 2.255184440734331734e-06
3.983824835080760638e-06 6.621777590286418184e-04 2.361974176001329764e-06
4.093552618199082322e-06 6.746279924872574350e-04 2.473529664481332977e-06
4.206122442478746559e-06 6.872534175336664697e-04 2.590048685610487644e-06
4.321602418174806777e-06 7.000550430129301232e-04 2.711736492343768786e-06
4.440062125645396537e-06 7.130338459817561802e-04 2.838806058771175206e-06
4.561572642458527890e-06 7.261907706371296695e-04 2.971478334347211744e-06
4.686206570870081592e-06 7.395267272378117530e-04 3.109982504838269475e-06
4.814038065674889914e-06 7.530425910191426882e-04 3.254556260093010021e-06
4.945142862430988298e-06 7.667392011016228815e-04 3.405446068732947636e-06
5.079598306059133944e-06 7.806173593939041196e-04 3.562907459868326793e-06
5.217483379818912697e-06 7.946778294905815091e-04 3.727205311930331827e-06
5.358878734661268239e-06 8.089213355653947961e-04 3.898614148716005745e-06
5.503866718958923157e-06 8.233485612603915751e-04 4.077418442738180642e-06
5.652531408616268235e-06 8.379601485718526357e-04 4.263912925963692399e-06
5.804958637557530738e-06 8.527566967329799907e-04 4.458402908028706284e-06
5.961236028594388880e-06 8.677387610948158114e-04 4.661204602011526332e-06
6.121453024674027761e-06 8.829068520051834524e-04 4.872645457832419707e-06
6.285700920506612701e-06 8.982614336870304314e-04 5.093064503364582544e-06
6.454072894572139308e-06 9.138029231161452813e-04 5.322812693310147338e-06
6.626664041507683506e-06 9.295316888994079388e-04 5.562253265914462983e-06
6.803571404873015252e-06 9.454480501542770988e-04 5.811762107569293242e-06
6.984894010294243901e-06 9.615522753897168479e-04 6.071728125358752429e-06
7.170732898986634485e-06 9.778445813899306217e-04 6.342553627593906973e-06
7.361191161652565562e-06 9.943251321011396023e-04 6.624654712369520993e-06
7.556373972755822118e-06 1.010994037522435331e-03 6.918461664185685478e-06
7.756388625169747628e-06 1.027851352601267610e-03 7.224419358649132959e-06
7.961344565197374024e-06 1.044897076134617851e-03 7.542987675273111273e-06
8.171353427963951401e-06 1.062131149676184870e-03 7.874641918395709837e-06
8.386529073176380200e-06 1.079553456451023269e-03 8.219873246201234276e-06
8.606987621249542490e-06 1.097163820277779686e-03 8.579189107849397372e-06
8.832847489797867081e-06 1.114962004499844015e-03 8.953113688696127657e-06
9.064229430486217876e-06 1.132947710925985649e-03 9.342188363567441271e-06
9.301256566240483228e-06 1.151120578781290957e-03 9.746972158061723324e-06
9.544054428813253369e-06 1.169480183669682413e-03 1.016804221783460362e-05
9.792750996700506601e-06 1.188026036548221059e-03 1.060599428579389528e-05
1.004747673340619394e-05 1.206757582714594384e-03 1.106144318715548534e-05
1.030836462605163054e-05 1.225674200808359688e-03 1.153502332225771167e-05
1.057555022432419834e-05 1.244775201827171560e-03 1.202738916706229124e-05
1.084917167976033542e-05 1.264059828158488070e-03 1.253921578122059926e-05
1.112936978536050791e-05 1.283527252627898654e-03 1.307119932358146321e-05
1.141628801552764192e-05 1.303176577565075701e-03 1.362405757503238681e-05
1.171007256632641826e-05 1.323006833887860724e-03 1.419853046849157184e-05
1.201087239605649952e-05 1.343016980206064147e-03 1.479538062591056398e-05
1.231883926613338613e-05 1.363205901945273388e-03 1.541539390211348287e-05
1.263412778227083292e-05 1.383572410491931042e-03 1.605937993525084593e-05
1.295689543595900228e-05 1.404115242360460961e-03 1.672817270369428831e-05
1.328730264622822656e-05 1.424833058383766053e-03 1.742263108910633088e-05
1.362551280169736179e-05 1.445724442927500460e-03 1.814363944547961130e-05
1.397169230289095057e-05 1.466787903129170619e-03 1.889210817385387171e-05
1.432601060482284980e-05 1.488021868163679580e-03 1.966897430242906477e-05
1.468864025983606884e-05 1.509424688535213749e-03 2.047520207180881954e-05
1.505975696069076293e-05 1.530994635396999920e-03 2.131178352500356186e-05
1.543953958388853191e-05 1.552729899900213897e-03 2.217973910189133857e-05
1.582817023322783518e-05 1.574628592572013385e-03 2.308011823777348029e-05
1.622583428357729583e-05 1.596688742724637839e-03 2.401399996561341083e-05
1.663272042485540458e-05 1.618908297895616877e-03 2.498249352160023697e-05
1.704902070621283576e-05 1.641285123320994398e-03 2.598673895356515552e-05
1.747493058039647891e-05 1.663817001441396642e-03 2.702790773184946839e-05
1.791064894829073070e-05 1.686501631442797111e-03 2.810720336212666544e-05
1.835637820362169163e-05 1.709336628832339383e-03 2.922586199967046035e-05
1.881232427781259528e-05 1.732319525050060247e-03 3.038515306460335178e-05
1.927869668497481719e-05 1.755447767118181084e-03 3.158637985753459952e-05
1.975570856702584368e-05 1.778718717327508686e-03 3.283088017502268520e-05
2.024357673891675872e-05 1.802129652963318151e-03 3.412002692433039887e-05
2.074252173395550990e-05 1.825677766070203309e-03 3.545522873676137574e-05
2.125276784921466418e-05 1.849360163257534424e-03 3.683793057902860280e-05
2.177454319100272166e-05 1.873173865546696494e-03 3.826961436190196410e-05
2.230807972038903296e-05 1.897115808259294562e-03 3.975179954551998741e-05
2.285361329876276734e-05 1.921182840949337738e-03 4.128604374058402138e-05
2.341138373340856738e-05 1.945371727378170709e-03 4.287394330468680478e-05
2.398163482308883075e-05 1.969679145534432817e-03 4.451713393306262577e-05
2.456461440360464355e-05 1.994101687698674342e-03 4.621729124286230055e-05
2.516057439332426528e-05 2.018635860554126617e-03 4.797613135018411623e-05
2.576977083866057521e-05 2.043278085343693418e-03 4.979541143900768750e-05
2.639246395947397291e-05 2.068024698074572877e-03 5.167693032107586369e-05
2.702891819438532061e-05 2.092871949770105933e-03 5.362252898586757679e-05
2.767940224597864582e-05 2.117816006770952952e-03 5.563409113973146630e-05
2.834418912586918272e-05 2.142852951084611452e-03 5.771354373311913172e-05
2.902355619961813444e-05 2.167978780784996645e-03 5.986285747502694064e-05
2.971778523147453898e-05 2.193189410461966835e-03 6.208404733352007588e-05
3.042716242891938683e-05 2.218480671722063927e-03 6.437917302136514028e-05
3.115197848698546116e-05 2.243848313739902657e-03 6.675033946563729121e-05
3.189252863234055775e-05 2.269288003861654433e-03 6.919969726015530670e-05
3.264911266709592054e-05 2.294795328260540793e-03 7.172944309973897895e-05
3.342203501232799730e-05 2.320365792644624430e-03 7.434182019493857654e-05
3.421160475128033184e-05 2.345994823018187573e-03 7.703911866616930371e-05
3.501813567222487455e-05 2.371677766495348949e-03 7.982367591604363295e-05
3.584194631095170960e-05 2.397409892168153242e-03 8.269787697851815032e-05
3.668335999286257418e-05 2.423186392027770406e-03 8.566415484372479538e-05
3.754270487464713595e-05 2.449002381940219072e-03 8.872499075716042160e-05
3.842031398550317379e-05 2.474852902676103611e-03 9.188291449181087576e-05
3.931652526787369909e-05 2.500732920994721761e-03 9.514050459204323896e-05
4.023168161768703123e-05 2.526637330782503799e-03 9.850038858768576033e-05
4.116613092404740630e-05 2.552560954246680964e-03 1.019652431771516233e-04
4.212022610836255952e-05 2.578498543162838306e-03 1.055377943779530278e-04
4.309432516286907408e-05 2.604444780177592698e-03 1.092208176433244671e-04
4.408879118853135248e-05 2.630394280165547754e-03 1.130171379435287164e-04
4.510399243227164868e-05 2.656341591641121509e-03 1.169296298102219918e-04
4.614030232350897558e-05 2.682281198224188701e-03 1.209612173425204961e-04
4.719809950996953029e-05 2.708207520160789677e-03 1.251148741733235808e-04
4.827776789273190979e-05 2.734114915897084032e-03 1.293936233941537887e-04
4.937969666047465885e-05 2.759997683707531707e-03 1.338005374372385652e-04
5.050428032289841463e-05 2.785850063376041266e-03 1.383387379131312636e-04
5.165191874327288351e-05 2.811666237931214653e-03 1.430113954024114049e-04
5.282301717008391640e-05 2.837440335433308834e-03 1.478217291998382003e-04
5.401798626774318969e-05 2.863166430813844990e-03 1.527730070094584255e-04
5.523724214631654773e-05 2.888838547767608525e-03 1.578685445890983452e-04
5.648120639023244304e-05 2.914450660695287829e-03 1.631117053425319306e-04
5.775030608595136533e-05 2.939996696696848058e-03 1.685058998580620340e-04
5.904497384852793411e-05 2.965470537615881065e-03 1.740545853915641185e-04
6.036564784704925645e-05 2.990866022132518919e-03 1.797612652926731806e-04
6.171277182888977640e-05 3.016176947905612263e-03 1.856294883726111039e-04
6.308679514277972943e-05 3.041397073762841258e-03 1.916628482117548168e-04
6.448817276057873418e-05 3.066520121937869187e-03 1.978649824058707524e-04
6.591736529779521308e-05 3.091539780354561270e-03 2.042395717490042277e-04
6.737483903273828838e-05 3.116449704955698719e-03 2.107903393519461809e-04
6.886106592430624651e-05 3.141243522077233168e-03 2.175210496945222127e-04
7.037652362833527690e-05 3.165914830865188424e-03 2.244355076101278831e-04
7.192169551250157330e-05 3.190457205736156685e-03 2.315375572014539518e-04
7.349707066969477789e-05 3.214864198878445833e-03 2.388310806855836255e-04
7.510314392983270847e-05 3.239129342793987086e-03 2.463199971670990531e-04
7.674041587009449231e-05 3.263246152879036716e-03 2.540082613382058075e-04
7.840939282348722693e-05 3.287208130043724717e-03 2.618998621039569149e-04
8.011058688571781616e-05 3.311008763367380859e-03 2.699988211317113718e-04
8.184451592034695550e-05 3.334641532789951648e-03 2.783091913235352156e-04
8.361170356213287942e-05 3.358099911837111699e-03 2.868350552099691248e-04
8.541267921854376916e-05 3.381377370378521770e-03 2.955805232645258244e-04
8.724797806940759611e-05 3.404467377416756698e-03 3.045497321372209534e-04
8.911814106460908664e-05 3.427363403907072396e-03 3.137468428066817047e-04
9.102371491982020170e-05 3.450058925604491261e-03 3.231760386493444099e-04
9.296525211019265520e-05 3.472547425938028644e-03 3.328415234248119641e-04
9.494331086199402601e-05 3.494822398910579341e-03 3.427475191770164450e-04
9.695845514209702786e-05 3.516877352021792642e-03 3.528982640496055125e-04
9.901125464530580926e-05 3.538705809213144905e-03 3.632980100152653270e-04
1.011022847794416685e-04 3.560301313833292344e-03 3.739510205184706283e-04
1.032321266481778292e-04 3.581657431621839641e-03 3.848615680303660302e-04
1.054013670315242352e-04 3.602767753709667370e-03 3.960339315161512776e-04
1.076105983639453686e-04 3.623625899634985107e-03 4.074723938136077866e-04
1.098604187100518957e-04 3.644225520371618694e-03 4.191812389233441865e-04
1.121514317377970201e-04 3.664560301369069756e-03 4.311647492098833628e-04
1.144842466891739816e-04 3.684623965602009960e-03 4.434272025133354010e-04
1.168594783483037711e-04 3.704410276626727595e-03 4.559728691724157534e-04
1.192777470068890749e-04 3.723913041644205148e-03 4.688060089577950063e-04
1.217396784270110969e-04 3.743126114565626349e-03 4.819308679165410338e-04
1.242459038011662460e-04 3.762043399080339592e-03 4.953516751281582340e-04
1.267970597095048905e-04 3.780658851722906721e-03 5.090726393716479186e-04
1.293937880742744573e-04 3.798966484937923559e-03 5.230979457049148061e-04
1.320367361113240572e-04 3.816960370140682311e-03 5.374317519571123521e-04
1.347265562786969855e-04 3.834634640770917188e-03 5.520781851337745304e-04
1.374639062222048839e-04 3.851983495337789245e-03 5.670413377368510805e-04
1.402494487179910731e-04 3.869001200454976787e-03 5.823252639992470159e-04
1.430838516119640655e-04 3.885682093862115240e-03 5.979339760363580007e-04
1.459677877561035874e-04 3.902020587431908639e-03 6.138714399148328515e-04
1.489019349415651153e-04 3.918011170159980613e-03 6.301415716399298055e-04
1.518869758285205029e-04 3.933648411135221880e-03 6.467482330641535293e-04
1.549235978727356473e-04 3.948926962490247397e-03 6.636952277170681371e-04
1.580124932487682364e-04 3.963841562326189151e-03 6.809862965594310532e-04
1.611543587697782858e-04 3.978387037614179028e-03 6.986251136634148620e-04
1.643498958039016464e-04 3.992558307067799357e-03 7.166152818200889488e-04
1.675998101870982836e-04 4.006350383986177592e-03 7.349603280774569085e-04
1.709048121325121891e-04 4.019758379064617380e-03 7.536636992112625763e-04
1.742656161361732224e-04 4.032777503172566523e-03 7.727287571301901187e-04
1.776829408791223859e-04 4.045403070093240606e-03 7.921587742196768136e-04
1.811575091258093152e-04 4.057630499227104538e-03 8.119569286254248912e-04
1.846900476187810110e-04 4.069455318253618371e-03 8.321262994817020054e-04
1.882812869695953259e-04 4.080873165751193639e-03 8.526698620854027567e-04
1.919319615458834184e-04 4.091879793771778864e-03 8.735904830206952078e-04
1.956428093546104801e-04 4.102471070370428997e-03 8.948909152376770607e-04
1.994145719213731333e-04 4.112642982084869711e-03 9.165737930875270285e-04
2.032479941657542916e-04 4.122391636364831045e-03 9.386416273191203023e-04
2.071438242727327973e-04 4.131713263949642057e-03 9.610968000410709776e-04
2.111028135600087347e-04 4.140604221190247528e-03 9.839415596519999856e-04
2.151257163412952393e-04 4.149060992315614649e-03 1.007178015745231140e-03
2.192132897854636678e-04 4.157080191640019455e-03 1.030808133990218037e-03
2.233662937716021668e-04 4.164658565711298020e-03 1.054833730997730475e-03
2.275854907398405119e-04 4.171792995396238213e-03 1.079256469171000453e-03
2.318716455379784625e-04 4.178480497902413784e-03 1.104077851549310199e-03
2.362255252638672685e-04 4.184718228734621986e-03 1.129299216649254150e-03
2.406478991034890363e-04 4.190503483583863861e-03 1.154921733307273787e-03
2.451395381647555015e-04 4.195833700148169851e-03 1.180946395530267385e-03
2.497012153069418853e-04 4.200706459881518515e-03 1.207374017359389307e-03
2.543337049657457515e-04 4.205119489672142462e-03 1.234205227751974552e-03
2.590377829739323192e-04 4.209070663446281939e-03 1.261440465488561282e-03
2.638142263776113369e-04 4.212558003697127601e-03 1.289079974108858946e-03
2.686638132480121581e-04 4.215579682936872533e-03 1.317123796885457700e-03
2.735873224887760209e-04 4.218134025071841424e-03 1.345571771838634289e-03
2.785855336388306375e-04 4.220219506696637653e-03 1.374423526800061307e-03
2.836592266706771987e-04 4.221834758309977141e-03 1.403678474531562482e-03
2.888091817841667726e-04 4.222978565446171284e-03 1.433335807904514980e-03
2.940361791957769931e-04 4.223649869726541113e-03 1.463394495147184128e-03
2.993409989232869600e-04 4.223847769824033704e-03 1.493853275167349691e-03
3.047244205658631460e-04 4.223571522344682014e-03 1.524710652953912161e-03
3.101872230796472196e-04 4.222820542623152533e-03 1.555964895068897647e-03
3.157301845486713355e-04 4.221594405428934736e-03 1.587614025231662892e-03
3.213540819512366361e-04 4.219892845588685271e-03 1.619655820006424751e-03
3.270596909216632936e-04 4.217715758515754032e-03 1.652087804597416687e-03
3.328477855074700974e-04 4.215063200653294123e-03 1.684907248759621220e-03
3.387191379219106212e-04 4.211935389827431604e-03 1.718111162832811718e-03
3.446745182919986748e-04 4.208332705507219010e-03 1.751696293903561496e-03
3.507146944018658865e-04 4.204255688977281968e-03 1.785659122105838666e-03
3.568404314315500232e-04 4.199705043415716960e-03 1.819995857064591206e-03
3.630524916912742229e-04 4.194681633881875392e-03 1.854702434489077052e-03
3.693516343511050863e-04 4.189186487212828366e-03 1.889774512926842374e-03
3.757386151660784771e-04 4.183220791824169248e-03 1.925207470680040910e-03
3.822141861968316313e-04 4.176785897422831927e-03 1.960996402895054565e-03
3.887790955257089918e-04 4.169883314622966665e-03 1.997136118832160741e-03
3.954340869683467584e-04 4.162514714471966804e-03 2.033621139318880864e-03
4.021798997809148280e-04 4.154681927884013894e-03 2.070445694399003327e-03
4.090172683628175002e-04 4.146386944978762944e-03 2.107603721178556103e-03
4.159469219550228423e-04 4.137631914330585324e-03 2.145088861880987876e-03
4.229695843340955234e-04 4.128419142125111518e-03 2.182894462113920374e-03
4.300859735018449726e-04 4.118751091222805708e-03 2.221013569354978075e-03
4.372968013706510942e-04 4.108630380134299306e-03 2.259438931666214994e-03
4.446027734446846512e-04 4.098059781902198620e-03 2.298162996638219730e-03
4.520045884967966408e-04 4.087042222894755536e-03 2.337177910573502628e-03
4.595029382412856955e-04 4.075580781510784560e-03 2.376475517916456972e-03
4.670985070026622307e-04 4.063678686793382837e-03 2.416047360930083723e-03
4.747919713802634589e-04 4.051339316959006939e-03 2.455884679632254312e-03
4.825839999089539460e-04 4.038566197837785594e-03 2.495978411990178777e-03
4.904752527158294734e-04 4.025363001228330490e-03 2.536319194384647254e-03
4.984663811732475145e-04 4.011733543168088598e-03 2.576897362344339297e-03
5.065580275477834420e-04 3.997681782119707865e-03 2.617702951556227873e-03
5.147508246457690052e-04 3.983211817074668731e-03 2.658725699158889007e-03
5.230453954550188600e-04 3.968327885575466049e-03 2.699955045320909328e-03
5.314423527829798292e-04 3.953034361658442145e-03 2.741380135106710834e-03
5.399422988915607681e-04 3.937335753717331743e-03 2.782989820639970076e-03
5.485458251283870578e-04 3.921236702288965516e-03 2.824772663559789281e-03
5.572535115548808791e-04 3.904741977765511553e-03 2.866716937780424551e-03
5.660659265710113594e-04 3.887856478029532489e-03 2.908810632551380154e-03
5.749836265370775841e-04 3.870585226018530885e-03 2.951041455825776597e-03
5.840071553923519747e-04 3.852933367218886601e-03 2.993396837935770848e-03
5.931370442707930690e-04 3.834906167088355210e-03 3.035863935576796346e-03
6.023738111141114376e-04 3.816509008414720357e-03 3.078429636105891633e-03
6.117179602819566115e-04 3.797747388605531189e-03 3.121080562151952193e-03
6.211699821596197756e-04 3.778626916916522083e-03 3.163803076537989676e-03
6.307303527631831670e-04 3.759153311618715528e-03 3.206583287521916695e-03
6.403995333424835051e-04 3.739332397103660877e-03 3.249407054348014967e-03
6.501779699816719613e-04 3.719170100934351096e-03 3.292259993114061544e-03
6.600660931977842937e-04 3.698672450837802925e-03 3.335127482954379410e-03
6.700643175373298182e-04 3.677845571646354717e-03 3.377994672531390435e-03
6.801730411709914830e-04 3.656695682188322929e-03 3.420846486843277454e-03
6.903926454867702215e-04 3.635229092127413575e-03 3.463667634336094203e-03
7.007234946814723184e-04 3.613452198758399132e-03 3.506442614328080833e-03
7.111659353508285137e-04 3.591371483757753794e-03 3.549155724735896314e-03
7.217202960783169422e-04 3.568993509891200348e-03 3.591791070101274606e-03
7.323868870230324088e-04 3.546324917684339113e-03 3.634332569919727831e-03
7.431659995064740639e-04 3.523372422053590303e-03 3.676763967259001620e-03
7.540579055986136028e-04 3.500142808905225278e-03 3.719068837669065476e-03
7.650628577032835605e-04 3.476642931699882883e-03 3.761230598378804361e-03
7.761810881432761261e-04 3.452879707988986725e-03 3.803232517768267637e-03
7.874128087450013363e-04 3.428860115924502357e-03 3.845057725119429160e-03
7.987582104231568704e-04 3.404591190742224313e-03 3.886689220630031635e-03
8.102174627653137111e-04 3.380080021224615965e-03 3.928109885693267800e-03
8.217907136170408706e-04 3.355333746144647643e-03 3.969302493429605408e-03
8.334780886672212615e-04 3.330359550690415761e-03 4.010249719463756385e-03
8.452796910340317502e-04 3.305164662878674019e-03 4.050934152945631812e-03
8.571956008519419261e-04 3.279756349953628133e-03 4.091338307796969255e-03
8.692258748595158317e-04 3.254141914778509777e-03 4.131444634182229909e-03
8.813705459884385151e-04 3.228328692220707764e-03 4.171235530194969225e-03
8.936296229541879684e-04 3.202324045531155985e-03 4.210693353743345108e-03
9.060030898480446460e-04 3.176135362724861501e-03 4.249800434631550126e-03
9.184909057311276817e-04 3.149770052960447313e-03 4.288539086827088120e-03
9.310930042303667328e-04 3.123235542924602225e-03 4.326891620895506260e-03
9.438092931367022924e-04 3.096539273223606649e-03 4.364840356603101254e-03
9.566396540059407799e-04 3.069688694781482884e-03 4.402367635663622346e-03
9.695839417620783591e-04 3.042691265252539697e-03 4.439455834629795969e-03
9.826419843036514161e-04 3.015554445444958414e-03 4.476087377908412150e-03
9.958135821131041537e-04 2.988285695762915410e-03 4.512244750888036102e-03
1.009098507869738608e-03 2.960892472667249649e-03 4.547910513173534543e-03
1.022496506066018643e-03 2.933382225156068272e-03 4.583067311903697878e-03
1.036007292627833887e-03 2.905762391271502713e-03 4.617697895146869423e-03
1.049630554538661482e-03 2.878040394630214036e-03 4.651785125360055097e-03
1.063365949468274762e-03 2.850223640983904228e-03 4.685311992891739476e-03
1.077213105405738867e-03 2.822319514810792736e-03 4.718261629522305448e-03
1.091171620297199610e-03 2.794335375938900457e-03 4.750617322022825453e-03
1.105241061688875225e-03 2.766278556205778536e-03 4.782362525719448081e-03
1.119420966375039980e-03 2.738156356156020311e-03 4.813480878047869845e-03
1.133710840051699873e-03 2.709976041777084621e-03 4.843956212084502694e-03
1.148110156975785598e-03 2.681744841278691904e-03 4.873772570039200044e-03
1.162618359630687454e-03 2.653469941915066656e-03 4.902914216690791582e-03
1.177234858397656434e-03 2.625158486853418956e-03 4.931365652757652672e-03
1.191959031233951654e-03 2.596817572090227583e-03 4.959111628181675502e-03
1.206790223357476948e-03 2.568454243417889540e-03 4.986137155310349511e-03
1.221727746938786356e-03 2.540075493442605931e-03 5.012427521968546365e-03
1.236770880799922031e-03 2.511688258655515611e-03 5.037968304396133606e-03
1.251918870121051901e-03 2.483299416560343954e-03 5.062745380039495972e-03
1.267170926154706284e-03 2.454915782856778757e-03 5.086744940185758054e-03
1.282526225947972550e-03 2.426544108682991956e-03 5.109953502416137751e-03
1.297983912073210526e-03 2.398191077919053626e-03 5.132357922868686570e-03
1.313543092367004369e-03 2.369863304550778524e-03 5.153945408298199124e-03
1.329202839678054549e-03 2.341567330097954740e-03 5.174703527907817402e-03
1.344962191623879635e-03 2.313309621107227654e-03 5.194620224950358307e-03
1.360820150357183083e-03 2.285096566709680834e-03 5.213683828071883838e-03
1.376775682341383486e-03 2.256934476247680118e-03 5.231883062396138276e-03
1.392827718136099759e-03 2.228829576968014477e-03 5.249207060324997259e-03
1.408975152192583433e-03 2.200788011786440710e-03 5.265645372043233248e-03
1.425216842659622184e-03 2.172815837122171745e-03 5.281187975720824136e-03
1.441551611199813100e-03 2.144919020803408381e-03 5.295825287388165881e-03
1.457978242816526616e-03 2.117103440047069917e-03 5.309548170478268526e-03
1.474495485692272354e-03 2.089374879510153687e-03 5.322347945024856822e-03
1.491102051038061590e-03 2.061739029416855603e-03 5.334216396494038254e-03
1.507796612954100503e-03 2.034201483760146329e-03 5.345145784249624374e-03
1.524577808302845280e-03 2.006767738578587625e-03 5.355128849627897349e-03
1.541444236593493815e-03 1.979443190310051139e-03 5.364158823623999678e-03
1.558394459879008410e-03 1.952233134222306279e-03 5.372229434167069551e-03
1.575427002665358289e-03 1.925142762919726871e-03 5.379334912976901049e-03
1.592540351833874029e-03 1.898177164929204649e-03 5.385470002000036262e-03
1.609732956576166805e-03 1.871341323362374744e-03 5.390629959401504502e-03
1.627003228342186435e-03 1.844640114657182875e-03 5.394810565115426559e-03
1.644349540802181927e-03 1.818078307397362654e-03 5.398008125941449256e-03
1.661770229821337222e-03 1.791660561209818675e-03 5.400219480174896745e-03
1.679263593449157937e-03 1.765391425741550573e-03 5.401442001772693326e-03
1.696827891922289642e-03 1.739275339713771415e-03 5.401673604035955867e-03
1.714461347681814568e-03 1.713316630055219687e-03 5.400912742815898102e-03
1.732162145404613244e-03 1.687519511113440155e-03 5.399158419228248726e-03
1.749928432050048286e-03 1.661888083943446632e-03 5.396410181870523771e-03
1.767758316920765155e-03 1.636426335674906994e-03 5.392668128547392983e-03
1.785649871738678252e-03 1.611138138955524410e-03 5.387932907489246734e-03
1.803601130736536126e-03 1.586027251472075421e-03 5.382205718064119598e-03
1.821610090764321389e-03 1.561097315547615603e-03 5.375488310986996886e-03
1.839674711411342940e-03 1.536351857813867934e-03 5.367782988013133742e-03
1.857792915144314098e-03 1.511794288959814525e-03 5.359092601121436678e-03
1.875962587460861322e-03 1.487427903553618577e-03 5.349420551189599735e-03
1.894181577059429744e-03 1.463255879939322907e-03 5.338770786150725742e-03
1.912447696024855001e-03 1.439281280206242478e-03 5.327147798644609605e-03
1.930758720030948143e-03 1.415507050229973052e-03 5.314556623152853765e-03
1.949112388558820125e-03 1.391936019785663644e-03 5.301002832631926051e-03
1.967506405132234994e-03 1.368570902730605705e-03 5.286492534637574070e-03
1.985938437569258631e-03 1.345414297256973448e-03 5.271032366946168043e-03
2.004406118251395464e-03 1.322468686212556000e-03 5.254629492681676950e-03
2.022907044408542385e-03 1.299736437488407167e-03 5.237291594946069662e-03
2.041438778422127124e-03 1.277219804473187512e-03 5.219026870962066231e-03
2.059998848144529819e-03 1.254920926571880067e-03 5.199844025737389991e-03
2.078584747235891726e-03 1.232841829788402415e-03 5.179752265248205485e-03
2.097193935518480191e-03 1.210984427370888046e-03 5.158761289159524872e-03
2.115823839347967181e-03 1.189350520517421092e-03 5.136881283080202767e-03
2.134471852002265812e-03 1.167941799142336321e-03 5.114122910372640579e-03
2.153135334087943539e-03 1.146759842700359813e-03 5.090497303514036204e-03
2.171811613963667720e-03 1.125806121068152711e-03 5.066016055026452587e-03
2.190497988181849300e-03 1.105081995481141909e-03 5.040691207987741534e-03
2.209191721947214356e-03 1.084588719524591863e-03 5.014535246124716614e-03
2.227890049593038609e-03 1.064327440177224643e-03 4.987561083509494189e-03
2.246590175075285998e-03 1.044299198906049452e-03 4.959782053868264269e-03
2.265289272483970474e-03 1.024504932810535712e-03 4.931211899509933133e-03
2.283984486572095303e-03 1.004945475815056336e-03 4.901864759896215097e-03
2.302672933302093126e-03 9.856215599072719151e-04 4.871755159856668883e-03
2.321351700410009648e-03 9.665338164218273843e-04 4.840897997473041052e-03
2.340017847986864113e-03 9.476827773666217413e-04 4.809308531639181448e-03
2.358668409077217375e-03 9.290688767910575260e-04 4.777002369311638373e-03
2.377300390295819261e-03 9.106924521939261307e-04 4.743995452473670493e-03
2.395910772460524158e-03 8.925537459694966001e-04 4.710304044818812950e-03
2.414496511243190927e-03 8.746529068902198899e-04 4.675944718172332822e-03
2.433054537837274316e-03 8.569899916239695188e-04 4.640934338673810555e-03
2.451581759642203293e-03 8.395649662847460117e-04 4.605290052725058425e-03
2.470075060965329968e-03 8.223777080148750307e-04 4.569029272728946690e-03
2.488531303739825815e-03 8.054280065964539203e-04 4.532169662635494173e-03
2.506947328259772050e-03 7.887155660914129491e-04 4.494729123306156343e-03
2.525319953931059840e-03 7.722400065077675161e-04 4.456725777721545941e-03
2.543645980039526289e-03 7.560008654902421361e-04 4.418177956042311852e-03
2.561922186534418451e-03 7.399976000344334320e-04 4.379104180549018427e-03
2.580145334827853645e-03 7.242295882216462583e-04 4.339523150470935703e-03
2.598312168610777007e-03 7.086961309738380906e-04 4.299453726726449806e-03
2.616419414683804259e-03 6.933964538264866849e-04 4.258914916592110300e-03
2.634463783803204714e-03 6.783297087172926194e-04 4.217925858315123809e-03
2.652441971543135178e-03 6.634949757901604118e-04 4.176505805691962427e-03
2.670350659171537386e-03 6.488912652118992812e-04 4.134674112627806895e-03
2.688186514541261989e-03 6.345175190003112843e-04 4.092450217693895977e-03
2.705946192996066049e-03 6.203726128623369453e-04 4.049853628705188564e-03
2.723626338289391116e-03 6.064553580401354019e-04 4.006903907328556932e-03
2.741223583518613734e-03 5.927645031642919888e-04 3.963620653745796377e-03
2.758734552071741286e-03 5.792987361117007917e-04 3.920023491385249241e-03
2.776155858587871141e-03 5.660566858674216705e-04 3.876132051739140331e-03
2.793484109930302866e-03 5.530369243887422234e-04 3.831965959286343613e-03
2.810715906172859494e-03 5.402379684695068993e-04 3.787544816531139037e-03
2.827847841597919479e-03 5.276582816042427139e-04 3.742888189183128135e-03
2.844876505706866662e-03 5.152962758496219473e-04 3.698015591486864071e-03
2.861798484241551838e-03 5.031503136826543472e-04 3.652946471718206828e-03
2.878610360218335825e-03 4.912187098539552103e-04 3.607700197869235029e-03
2.895308714971176964e-03 4.794997332345569854e-04 3.562296043527109386e-03
2.911890129206941898e-03 4.679916086553171316e-04 3.516753173968217936e-03
2.928351184069868333e-03 4.566925187375758680e-04 3.471090632482340399e-03
2.944688462215859764e-03 4.456006057134893374e-04 3.425327326934527340e-03
2.960898548896613493e-03 4.347139732354189960e-04 3.379482016586033821e-03
2.976978033052199782e-03 4.240306881725538178e-04 3.333573299180477532e-03
2.992923508411766444e-03 4.135487823942557385e-04 3.287619598313532270e-03
3.008731574603416229e-03 4.032662545384566076e-04 3.241639151094594454e-03
3.024398838270552989e-03 3.931810717644418167e-04 3.195649996111285529e-03
3.039921914195668502e-03 3.832911714889200832e-04 3.149669961712996905e-03
3.055297426431180952e-03 3.735944631039962195e-04 3.103716654618322510e-03
3.070522009436103383e-03 3.640888296767218982e-04 3.057807448857862397e-03
3.085592309218439765e-03 3.547721296288256290e-04 3.011959475066325071e-03
3.100504984482650370e-03 3.456421983957631513e-04 2.966189610125111609e-03
3.115256707782536848e-03 3.366968500645442443e-04 2.920514467169750723e-03
3.129844166677432822e-03 3.279338789891369892e-04 2.874950385968999197e-03
3.144264064892661470e-03 3.193510613829458173e-04 2.829513423679102298e-03
3.158513123483151601e-03 3.109461568874498502e-04 2.784219345985502938e-03
3.172588081999234283e-03 3.027169101164502141e-04 2.739083618631565908e-03
3.186485699655447479e-03 2.946610521750822782e-04 2.694121399346742149e-03
3.200202756500055389e-03 2.867763021530406859e-04 2.649347530173009908e-03
3.213736054585975953e-03 2.790603685915707594e-04 2.604776530195930181e-03
3.227082419142445618e-03 2.715109509233444964e-04 2.560422588686506358e-03
3.240238699746201840e-03 2.641257408849649602e-04 2.516299558651690065e-03
3.253201771492313880e-03 2.569024239015946947e-04 2.472420950799719686e-03
3.265968536163412449e-03 2.498386804430340058e-04 2.428799927922699765e-03
3.278535923398060662e-03 2.429321873511369756e-04 2.385449299693071998e-03
3.290900891855783050e-03 2.361806191380109933e-04 2.342381517880328182e-03
3.303060430379570547e-03 2.295816492546133114e-04 2.299608671982709355e-03
3.315011559155322390e-03 2.231329513296579172e-04 2.257142485278399238e-03
3.326751330866621614e-03 2.168322003782510742e-04 2.214994311291581999e-03
3.338276831844736153e-03 2.106770739802983844e-04 2.173175130671085777e-03
3.349585183214231088e-03 2.046652534283555645e-04 2.131695548484813848e-03
3.360673542031913496e-03 1.987944248446588504e-04 2.090565791919967928e-03
3.371539102419626385e-03 1.930622802673732767e-04 2.049795708390957094e-03
3.382179096689976253e-03 1.874665187058555951e-04 2.009394764050436918e-03
3.392590796464242664e-03 1.820048471647943845e-04 1.969372042696361687e-03
3.402771513782999833e-03 1.766749816373399729e-04 1.929736245074395061e-03
3.412718602206201487e-03 1.714746480670168447e-04 1.890495688566459992e-03
3.422429457905269094e-03 1.664015832785845788e-04 1.851658307263471127e-03
3.431901520745068383e-03 1.614535358778215691e-04 1.813231652413586914e-03
3.441132275354350824e-03 1.566282671202411743e-04 1.775222893239004375e-03
3.450119252185619365e-03 1.519235517490101300e-04 1.737638818117839866e-03
3.458860028563463026e-03 1.473371788019260263e-04 1.700485836119666836e-03
3.467352229719991661e-03 1.428669523878642756e-04 1.663769978888325488e-03
3.475593529817120209e-03 1.385106924327280178e-04 1.627496902866376691e-03
3.483581652956273169e-03 1.342662353950436994e-04 1.591671891848308110e-03
3.491314374172890724e-03 1.301314349516068407e-04 1.556299859857202938e-03
3.498789520416703634e-03 1.261041626531707012e-04 1.521385354335109096e-03
3.506004971516468033e-03 1.221823085507203776e-04 1.486932559636185537e-03
3.512958661129480208e-03 1.183637817923282405e-04 1.452945300815446962e-03
3.519648577673773187e-03 1.146465111911076050e-04 1.419427047700429993e-03
3.526072765243695555e-03 1.110284457645312661e-04 1.386380919239186280e-03
3.532229324508375911e-03 1.075075552453366327e-04 1.353809688111207860e-03
3.538116413591456660e-03 1.040818305645863133e-04 1.321715785591633628e-03
3.543732248932295308e-03 1.007492843070536284e-04 1.290101306660425013e-03
3.549075106128584279e-03 9.750795113945651561e-05 1.258968015341613463e-03
3.554143320758613306e-03 9.435588821191711597e-05 1.228317350265266481e-03
3.558935289183722591e-03 9.129117553298802406e-05 1.198150430440103956e-03
3.563449469329442280e-03 8.831191631879644970e-05 1.168468061224265655e-03
3.567684381446832673e-03 8.541623731668072136e-05 1.139270740485616570e-03
3.571638608850014919e-03 8.260228910376553758e-05 1.110558664937791665e-03
3.575310798633589329e-03 7.986824636099054242e-05 1.082331736643266746e-03
3.578699662366026466e-03 7.721230812305191306e-05 1.054589569670322290e-03
3.581803976760200656e-03 7.463269800470102172e-05 1.027331496892874970e-03
3.584622584320965293e-03 7.212766440398737564e-05 1.000556576923834328e-03
3.587154393967940252e-03 6.969548068284009195e-05 9.742636011680541998e-04
3.589398381634375298e-03 6.733444532559381356e-05 9.484511009857715062e-04
3.591353590840343484e-03 6.504288207592544930e-05 9.231173549553558979e-04
3.593019133242094255e-03 6.281914005271270929e-05 8.982603962231693008e-04
3.594394189154263321e-03 6.066159384539919984e-05 8.738780199311003060e-04
3.595478008046614198e-03 5.856864358932693175e-05 8.499677907106440713e-04
3.596269909014838256e-03 5.653871502162694901e-05 8.265270502326167550e-04
3.596769281223708477e-03 5.457025951818791920e-05 8.035529248025152955e-04
3.596975584323671999e-03 5.266175411220685299e-05 7.810423329913027384e-04
3.596888348839635038e-03 5.081170149494160818e-05 7.589919932913414147e-04
3.596507176532440665e-03 4.901862999911838165e-05 7.373984317876518604e-04
3.595831740731976478e-03 4.728109356560829480e-05 7.162579898350949483e-04
3.594861786641548752e-03 4.559767169386873584e-05 6.955668317319892721e-04
3.593597131614938590e-03 4.396696937671562262e-05 6.753209523801292739e-04
3.592037665402639853e-03 4.238761701996155150e-05 6.555161849239889670e-04
3.590183350370801212e-03 4.085827034743590592e-05 6.361482083586172606e-04
3.588034221689804463e-03 3.937761029196620697e-05 6.172125550982979604e-04
3.585590387493578935e-03 3.794434287280482943e-05 5.987046184987294788e-04
3.582852029008979332e-03 3.655719906006101938e-05 5.806196603231340543e-04
3.579819400655835909e-03 3.521493462665283009e-05 5.629528181456138923e-04
3.576492830116199863e-03 3.391632998829488684e-05 5.456991126847055007e-04
3.572872718373831281e-03 3.266019003203930797e-05 5.288534550587210923e-04
3.568959539723235309e-03 3.144534393389298394e-05 5.124106539574430292e-04
3.564753841748073953e-03 3.027064496598446221e-05 4.963654227224962440e-04
3.560256245269554590e-03 2.913497029381677890e-05 4.807123863313144340e-04
3.555467444263687993e-03 2.803722076405800755e-05 4.654460882775433178e-04
3.550388205747938460e-03 2.697632068339276762e-05 4.505609973432116210e-04
3.545019369637636853e-03 2.595121758888554127e-05 4.360515142570311272e-04
3.539361848571277031e-03 2.496088201032740949e-05 4.219119782334838204e-04
3.533416627704849631e-03 2.400430722505453890e-05 4.081366733884712558e-04
3.527184764476410609e-03 2.308050900565251340e-05 3.947198350270215137e-04
3.520667388339059588e-03 2.218852536102955660e-05 3.816556557984687563e-04
3.513865700463441287e-03 2.132741627128270697e-05 3.689382917161105474e-04
3.506780973410384122e-03 2.049626341677045696e-05 3.565618680368713624e-04
3.499414550772444749e-03 1.969416990185099899e-05 3.445204849988525633e-04
3.491767846785218555e-03 1.892025997365043099e-05 3.328082234129257216e-04
3.483842345908413039e-03 1.817367873630670481e-05 3.214191501060932794e-04
3.475639602377303405e-03 1.745359186105668268e-05 3.103473232145968937e-04
3.467161239723737676e-03 1.675918529255201306e-05 2.995867973241238399e-04
3.458408950267571717e-03 1.608966495179514191e-05 2.891316284557628332e-04
3.449384494578770517e-03 1.544425643603662701e-05 2.789758788962637555e-04
3.440089700910017000e-03 1.482220471600796454e-05 2.691136218708813652e-04
3.430526464599969756e-03 1.422277383082968799e-05 2.595389460585247813e-04
3.420696747448733963e-03 1.364524658092146196e-05 2.502459599478148284e-04
3.410602577063507647e-03 1.308892421925194405e-05 2.412287960342208689e-04
3.400246046176366548e-03 1.255312614124241151e-05 2.324816148576285826e-04
3.389629311934956070e-03 1.203718957361974002e-05 2.239986088804312282e-04
3.378754595164367748e-03 1.154046926253128317e-05 2.157740062067274177e-04
3.367624179601962260e-03 1.106233716119027702e-05 2.078020741425556342e-04
3.356240411106216261e-03 1.060218211734490264e-05 2.000771225983193026e-04
3.344605696837611546e-03 1.015940956082604309e-05 1.925935073341483153e-04
3.332722504414189005e-03 9.733441191434107645e-06 1.853456330491488088e-04
3.320593361041328934e-03 9.323714667416256697e-06 1.783279563160995675e-04
3.308220852615995338e-03 8.929683294763556147e-06 1.715349883627650723e-04
3.295607622805643306e-03 8.550815717564158342e-06 1.649612977018115345e-04
3.282756372103707611e-03 8.186595609628643453e-06 1.586015126108419795e-04
3.269669856860067496e-03 7.836521367590917672e-06 1.524503234645773267e-04
3.256350888288685099e-03 7.500105805698375462e-06 1.465024849215779774e-04
3.242802331451838122e-03 7.176875852465115871e-06 1.407528179673151478e-04
3.229027104221931198e-03 6.866372249386455017e-06 1.351962118163328632e-04
3.215028176221636658e-03 6.568149251877470962e-06 1.298276256759586908e-04
3.200808567742231998e-03 6.281774332602028878e-06 1.246420903740178704e-04
3.186371348641275046e-03 6.006827887352509563e-06 1.196347098535520918e-04
3.171719637219669752e-03 5.742902943622453896e-06 1.148006625371414944e-04
3.156856599079591475e-03 5.489604872012124238e-06 1.101352025639854032e-04
3.141785445962570061e-03 5.246551100602227667e-06 1.056336609025992321e-04
3.126509434569644131e-03 5.013370832411949609e-06 1.012914463422469791e-04
3.111031865363075247e-03 4.789704766062654808e-06 9.710404636636266445e-05
3.095356081351233971e-03 4.575204819750223491e-06 9.306702791110163411e-05
3.079485466856245798e-03 4.369533858629766506e-06 8.917603801223360736e-05
3.063423446266352011e-03 4.172365425701652771e-06 8.542680434390255027e-05
3.047173482772482390e-03 3.983383476288318621e-06 8.181513565236450593e-05
3.030739077089662521e-03 3.802282116176574954e-06 7.833692208825288343e-05
3.014123766165654420e-03 3.628765343501967027e-06 7.498813544077747055e-05
2.997331121874997721e-03 3.462546794434930252e-06 7.176482927714991937e-05
2.980364749700883508e-03 3.303349492734152420e-06 6.866313899087363669e-05
2.963228287405518264e-03 3.150905603212976985e-06 6.567928176215438567e-05
2.945925403688444064e-03 3.004956189171764546e-06 6.280955643403727552e-05
2.928459796834841609e-03 2.865250973832926295e-06 6.005034330760012420e-05
2.910835193353624849e-03 2.731548105815735007e-06 5.739810385963831888e-05
2.893055346607064510e-03 2.603613928681139917e-06 5.484938038633735392e-05
2.875124035431391931e-03 2.481222754568805299e-06 5.240079557621595598e-05
2.857045062750052881e-03 2.364156641948692472e-06 5.004905201571520926e-05
2.838822254179989082e-03 2.252205177500237591e-06 4.779093163084445191e-05
2.820459456631741520e-03 2.145165262128472243e-06 4.562329506805385288e-05
2.801960536904277588e-03 2.042840901124053249e-06 4.354308101765220855e-05
2.783329380274921546e-03 1.945042998466245396e-06 4.154730548297280767e-05
2.764569889085564426e-03 1.851589155267490388e-06 3.963306099840880291e-05
2.745685981325211508e-03 1.762303472351430945e-06 3.779751579946226192e-05
2.726681589210898718e-03 1.677016356952459572e-06 3.603791294779180111e-05
2.707560657766201230e-03 1.595564333524705488e-06 3.435156941435290538e-05
2.688327143398925017e-03 1.517789858639380652e-06 3.273587512343356898e-05
2.668985012479038656e-03 1.443541139951126596e-06 3.118829196056631912e-05
2.649538239916669324e-03 1.372671959208270613e-06 2.970635274704563696e-05
2.629990807741345183e-03 1.305041499278349720e-06 2.828766018380343648e-05
2.610346703683885401e-03 1.240514175160580175e-06 2.692988576731362497e-05
2.590609919760427770e-03 1.178959468949924361e-06 2.563076868013022897e-05
2.570784450860075839e-03 1.120251768719224619e-06 2.438811465853078550e-05
2.550874293337158233e-03 1.064270211280264102e-06 2.319979483977711526e-05
2.530883443608029915e-03 1.010898528783625424e-06 2.206374459130448532e-05
2.510815896753797963e-03 9.600248991162947911e-07 2.097796232418438537e-05
2.490675645129332687e-03 9.115418000511054018e-07 1.994050829303444484e-05
2.470466676979532050e-03 8.653458671037120300e-07 1.894950338456273989e-05
2.450192975063043670e-03 8.213377550487642464e-07 1.800312789677949819e-05
2.429858515285190403e-03 7.794220030457593540e-07 1.709962031086457407e-05
2.409467265339471954e-03 7.395069033249976724e-07 1.623727605762669959e-05
2.389023183359188611e-03 7.015043733811377834e-07 1.541444628036131749e-05
2.368530216579466802e-03 6.653298316212925375e-07 1.462953659586175538e-05
2.347992300011206551e-03 6.309020764142206888e-07 1.388100585528984993e-05
2.327413355125669721e-03 5.981431684848733552e-07 1.316736490647501765e-05
2.306797288552985079e-03 5.669783165989929455e-07 1.248717535918527801e-05
2.286147990792572211e-03 5.373357664810540053e-07 1.183904835483202302e-05
2.265469334938411197e-03 5.091466929079490098e-07 1.122164334195882758e-05
2.244765175418079062e-03 4.823450949215043147e-07 1.063366685884706957e-05
2.224039346747054384e-03 4.568676941005485153e-07 1.007387132446357602e-05
2.203295662298296147e-03 4.326538358350220610e-07 9.541053838900621817e-06
2.182537913088715767e-03 4.096453935424018187e-07 9.034054994425221171e-06
2.161769866581783779e-03 3.877866757680547110e-07 8.551757698141498212e-06
2.140995265507459906e-03 3.670243361100890502e-07 8.093086007244825792e-06
2.120217826700458719e-03 3.473072859093151765e-07 7.657003977745265375e-06
2.099441239956476631e-03 3.285866096456500043e-07 7.242514527501595524e-06
2.078669166907416710e-03 3.108154829815101701e-07 6.848658314334638520e-06
2.057905239916012034e-03 2.939490933933391254e-07 6.474512629921723869e-06
2.037153060990449984e-03 2.779445633327287242e-07 6.119190310128649485e-06
2.016416200719233810e-03 2.627608758586438658e-07 5.781838662367037290e-06
1.995698197226827494e-03 2.483588026826574990e-07 5.461638410521621244e-06
1.975002555150686713e-03 2.347008345695430596e-07 5.157802657926429354e-06
1.954332744639717973e-03 2.217511140360651291e-07 4.869575868819526458e-06
1.933692200375217380e-03 2.094753702910159635e-07 4.596232868670777611e-06
1.913084320613966591e-03 1.978408563604244155e-07 4.337077863706029284e-06
1.892512466254146026e-03 1.868162883422474567e-07 4.091443479919378218e-06
1.871979959924816896e-03 1.763717867353531394e-07 3.858689821823832110e-06
1.851490085098677794e-03 1.664788197884995791e-07 3.638203551132264642e-06
1.831046085228755713e-03 1.571101488155105528e-07 3.429396985535233037e-06
1.810651162909233990e-03 1.482397754234980113e-07 3.231707217699832744e-06
1.790308479061084208e-03 1.398428906019237294e-07 3.044595254565455454e-06
1.770021152142106950e-03 1.318958256208710797e-07 2.867545176995433592e-06
1.749792257382043427e-03 1.243760046876430678e-07 2.700063319791287824e-06
1.729624826043359284e-03 1.172618993118092381e-07 2.541677472061529923e-06
1.709521844706910409e-03 1.105329843294182958e-07 2.391936097890005781e-06
1.689486254583832557e-03 1.041696955380006306e-07 2.250407577232938657e-06
1.669520950852880449e-03 9.815338889495548741e-08 2.116679466942910559e-06
1.649628782024291449e-03 9.246630123249133584e-08 1.990357781787718711e-06
1.629812549329616098e-03 8.709151244351477581e-08 1.871066295316110782e-06
1.610075006137615030e-03 8.201290909343479690e-08 1.758445860396314318e-06
1.590418857397302588e-03 7.721514941388427112e-08 1.652153749229387191e-06
1.570846759106942544e-03 7.268362963530740897e-08 1.551863012627825474e-06
1.551361317810036333e-03 6.840445161606452245e-08 1.457261858323644226e-06
1.531965090117803777e-03 6.436439172684489670e-08 1.368053048061269298e-06
1.512660582258818940e-03 6.055087094988152963e-08 1.283953313208283132e-06
1.493450249654904504e-03 5.695192615346676174e-08 1.204692788608408491e-06
1.474336496524152875e-03 5.355618250320183107e-08 1.130014464387744723e-06
1.455321675510928749e-03 5.035282697217029121e-08 1.059673655410235456e-06
1.436408087342244894e-03 4.733158291330032737e-08 9.934374880726901711e-07
1.417597980511177067e-03 4.448268565795643713e-08 9.310844041191966313e-07
1.398893550986774663e-03 4.179685910570098841e-08 8.724036811438359507e-07
1.380296941950884303e-03 3.926529327112630490e-08 8.171949694484173891e-07
1.361810243561258592e-03 3.687962275441599110e-08 7.652678449120849027e-07
1.343435492741039839e-03 3.463190610327619129e-08 7.164413775269764599e-07
1.325174672994903656e-03 3.251460603466204118e-08 6.705437152481890683e-07
1.307029714251054702e-03 3.052057048558306533e-08 6.274116828048344455e-07
1.289002492729238733e-03 2.864301446317248657e-08 5.868903951146593957e-07
1.271094830834953310e-03 2.687550266493476551e-08 5.488328849447310025e-07
1.253308497078988500e-03 2.521193284100572802e-08 5.130997444581050970e-07
1.235645206022469977e-03 2.364651987100266820e-08 4.795587802881654881e-07
1.218106618247436585e-03 2.217378052884141072e-08 4.480846817799941667e-07
1.200694340352153559e-03 2.078851890973584193e-08 4.185587020421856425e-07
1.183409924971460820e-03 1.948581249428247272e-08 3.908683514513678227e-07
1.166254870821352560e-03 1.826099882536451094e-08 3.649071032561249519e-07
1.149230622768338851e-03 1.710966277431050390e-08 3.405741109277953334e-07
1.132338571922192859e-03 1.602762437348444327e-08 3.177739369098935420e-07
1.115580055752923459e-03 1.501092719321032733e-08 2.964162924212609829e-07
1.098956358230808623e-03 1.405582724161931933e-08 2.764157879714636754e-07
1.082468709989712697e-03 1.315878236671025259e-08 2.576916942517492867e-07
1.066118288512993024e-03 1.231644214058639055e-08 2.401677130697759551e-07
1.049906218341899004e-03 1.152563820647388333e-08 2.237717580003704669e-07
1.033833571306071956e-03 1.078337506980247154e-08 2.084357444307935179e-07
1.017901366775458621e-03 1.008682131523016247e-08 1.940953886840482670e-07
1.002110571934017791e-03 9.433301232122613678e-09 1.806900159092550745e-07
9.864621020738970937e-04 8.820286831604385136e-09 1.681623764346322008e-07
9.709568209103100304e-04 8.245390238867781682e-09 1.564584702842703399e-07
9.555955409166882325e-04 7.706356445016488227e-09 1.455273795661889845e-07
9.403790236793130438e-04 7.201056403265760383e-09 1.353211084457643425e-07
9.253079802714101560e-04 6.727480454862688511e-09 1.257944304249194442e-07
9.103830716459401177e-04 6.283732070632158402e-09 1.169047426541128464e-07
8.956049090471224477e-04 5.868021894551052306e-09 1.086119270107095868e-07
8.809740544395911529e-04 5.478662076263333945e-09 1.008782176843294901e-07
8.664910209553305107e-04 5.114060879936299038e-09 9.366807501609732793e-08
8.521562733575596422e-04 4.772717557322739706e-09 8.694806534571644743e-08
8.379702285213281102e-04 4.453217473357648274e-09 8.068674662713406695e-08
8.239332559302112689e-04 4.154227473064856097e-09 7.485455958000295783e-08
8.100456781886373157e-04 3.874491478977358577e-09 6.942372415118923167e-08
7.963077715494954129e-04 3.612826308693399283e-09 6.436814106716864699e-08
7.827197664563254617e-04 3.368117702602723630e-09 5.966329826464437205e-08
7.692818480999007690e-04 3.139316552203748540e-09 5.528618199357065728e-08
7.559941569883852491e-04 2.925435319816210827e-09 5.121519239316092443e-08
7.428567895308383490e-04 2.725544640865604465e-09 4.743006334780293025e-08
7.298697986332854408e-04 2.538770100267944007e-09 4.391178643643428294e-08
7.170331943072991501e-04 2.364289174790224574e-09 4.064253879489464185e-08
7.043469442900712751e-04 2.201328333599270563e-09 3.760561471727060539e-08
6.918109746758446506e-04 2.049160289526851277e-09 3.478536082798423414e-08
6.794251705579786504e-04 1.907101393898915351e-09 3.216711466262929145e-08
6.671893766813781447e-04 1.774509168070005786e-09 2.973714650125078203e-08
6.551033981045468113e-04 1.650779965099953103e-09 2.748260430349470566e-08
6.431670008707595634e-04 1.535346755286101712e-09 2.539146160075267522e-08
6.313799126882169415e-04 1.427677029537232338e-09 2.345246820580446617e-08
6.197418236181254569e-04 1.327270814832690644e-09 2.165510360589725939e-08
6.082523867705573028e-04 1.233658796265465327e-09 1.998953291037501937e-08
5.969112190076332003e-04 1.146400540403052250e-09 1.844656522906327211e-08
5.857179016532479713e-04 1.065082814940532367e-09 1.701761436263571581e-08
5.746719812090451268e-04 9.893179998365268136e-10 1.569466169092049397e-08
5.637729700760982622e-04 9.187425853437694493e-10 1.447022114986200813e-08
5.530203472818437859e-04 8.530157525495393998e-10 1.333730619240737756e-08
5.424135592116877515e-04 7.918180322426138963e-10 1.228939863295729567e-08
5.319520203448551733e-04 7.348500381127971240e-10 1.132041927936726947e-08
5.216351139940006562e-04 6.818312704747857312e-10 1.042470026061029232e-08
5.114621930480998209e-04 6.324989868828076909e-10 9.596958962224654938e-09
5.014325807181778697e-04 5.866071361727903836e-10 8.832273485587605799e-09
4.915455712853365527e-04 5.439253526314220727e-10 8.126059550786565445e-09
4.818004308506358777e-04 5.042380071467391539e-10 7.474048766520702107e-09
4.721963980864637262e-04 4.673433123445771908e-10 6.872268193943014358e-09
4.627326849888294797e-04 4.330524788586032546e-10 6.317021134747958852e-09
4.534084776301704200e-04 4.011889200188635273e-10 5.804869077080185273e-09
4.442229369122409626e-04 3.715875023742903597e-10 5.332614735946698650e-09
4.351751993186910483e-04 3.440938395922563011e-10 4.897286127865749610e-09
4.262643776668270483e-04 3.185636273963840606e-10 4.496121622380354239e-09
4.174895618581548370e-04 2.948620173212787315e-10 4.126555915845366144e-09
4.088498196273954426e-04 2.728630271708789171e-10 3.786206875603288602e-09
4.003441972893850929e-04 2.524489861743308611e-10 3.472863205213006915e-09
3.919717204835829693e-04 2.335100129323199056e-10 3.184472883888376165e-09
3.837313949159472772e-04 2.159435243442412138e-10 2.919132335657167069e-09
3.756222070972737811e-04 1.996537737973264787e-10 2.675076286020930429e-09
3.676431250783958457e-04 1.845514169875468822e-10 2.450668266080875460e-09
3.597930991810891930e-04 1.705531038245647408e-10 2.244391726155149943e-09
3.520710627249434821e-04 1.575810949541360200e-10 2.054841722918207298e-09
3.444759327495618443e-04 1.455629015062604362e-10 1.880717145983141893e-09
3.370066107316737215e-04 1.344309467508161625e-10 1.720813451664950832e-09
3.296619832970687416e-04 1.241222484110257481e-10 1.574015873397304928e-09
3.224409229269515069e-04 1.145781204512891472e-10 1.439293079929407134e-09
3.153422886581672786e-04 1.057438932184773149e-10 1.315691254000557308e-09
3.083649267774224824e-04 9.756865087565099394e-11 1.202328565699824826e-09
3.015076715088584589e-04 9.000498512379948364e-11 1.098390016143839964e-09
2.947693456948008656e-04 8.300876426169961858e-11 1.003122628469764336e-09
2.881487614694790578e-04 7.653891668481689275e-11 9.158309644375101399e-10
2.816447209253459530e-04 7.055722797381178725e-11 8.358729461656091704e-10
2.752560167718502747e-04 6.502815076897251924e-11 7.626559636984838806e-10
2.689814329862723298e-04 5.991862667170563812e-11 6.956332502131360175e-10
2.628197454565193406e-04 5.519791945569670889e-11 6.343005077316470792e-10
2.567697226156081462e-04 5.083745891049641702e-11 5.781927672066071216e-10
2.508301260675675813e-04 4.681069467786126844e-11 5.268814677965842818e-10
2.449997112046588895e-04 4.309295947735597183e-11 4.799717410510829407e-10
2.392772278155556247e-04 3.966134115137419476e-11 4.370998865762311467e-10
2.336614206845378757e-04 3.649456299243563248e-11 3.979310265606946075e-10
2.281510301812193721e-04 3.357287184582803255e-11 3.621569273070321337e-10
2.227447928408843422e-04 3.087793350995616585e-11 3.294939766346831071e-10
2.174414419352186658e-04 2.839273498403603495e-11 2.996813067074014578e-10
2.122397080331242080e-04 2.610149313889196592e-11 2.724790524810326368e-10
2.071383195517262474e-04 2.398956941118977580e-11 2.476667365798989612e-10
2.021360032972963593e-04 2.204339014479839056e-11 2.250417719849419470e-10
1.972314849959040293e-04 2.025037222494754062e-11 2.044180744601417207e-10
1.924234898139010519e-04 1.859885367182977594e-11 1.856247771567896675e-10
1.877107428679225347e-04 1.707802887987201085e-11 1.685050403174399186e-10
1.830919697243996831e-04 1.567788820769068925e-11 1.529149494568290522e-10
1.785658968885476378e-04 1.438916164124478172e-11 1.387224958254036858e-10
1.741312522826445129e-04 1.320326626941351256e-11 1.258066333640583350e-10
1.697867657135973768e-04 1.211225732691081064e-11 1.140564067385728165e-10
1.655311693297574754e-04 1.110878257428831622e-11 1.033701453981219647e-10
1.613631980668872525e-04 1.018603979878274958e-11 9.365471893820288542e-11
1.572815900832377528e-04 9.337737232972061566e-12 8.482484936247628159e-11
1.532850871837263234e-04 8.558056700645367385e-12 7.680247613409977141e-11
1.493724352332389269e-04 7.841619311076836836e-12 6.951617018434077504e-11
1.455423845588903978e-04 7.183453533906662062e-12 6.290059330643555620e-11
1.417936903413863532e-04 6.578965497319747017e-12 5.689599960668570313e-11
1.381251129954563447e-04 6.023911361997521206e-12 5.144777591347084264e-11
1.345354185392287454e-04 5.514371632589456223e-12 4.650601825871802804e-11
1.310233789528051122e-04 5.046727277156898374e-12 4.202514174724391598e-11
1.275877725257908114e-04 4.617637533233008494e-12 3.796352131660255303e-11
1.242273841940203221e-04 4.224019286862377843e-12 3.428316106589405989e-11
1.209410058654231167e-04 3.863027918223414075e-12 3.094938999576094862e-11
1.177274367350126627e-04 3.532039514265697074e-12 2.793058215531710966e-11
1.145854835891887415e-04 3.228634355196715986e-12 2.519789933489130208e-11
1.115139610993142572e-04 2.950581587673355571e-12 2.272505457713154205e-11
1.085116921045994529e-04 2.695825003210677088e-12 2.048809490381691245e-11
1.055775078844740017e-04 2.462469845633765125e-12 1.846520177216595193e-11
1.027102484204235524e-04 2.248770576372217762e-12 1.663650788279885081e-11
9.990876264738764482e-05 2.053119531095095054e-12 1.498392906276501022e-11
9.717190869485537287e-05 1.874036405550334959e-12 1.349101004119453951e-11
9.449855411766253696e-05 1.710158512607627996e-12 1.214278302279628201e-11
9.188757611668674241e-05 1.560231756351182113e-12 1.092563804610717370e-11
8.933786174945514873e-05 1.423102272691553546e-12 9.827204189304250920e-12
8.684830813080801138e-05 1.297708689352237712e-12 8.836240756958681085e-12
8.441782262373604502e-05 1.183074961263868607e-12 7.942537646773934277e-12
8.204532302048425337e-05 1.078303740367649892e-12 7.136824156261221114e-12
7.972973771405596200e-05 9.825702416184610411e-13 6.410685545946699763e-12
7.747000586022245196e-05 8.951165695749006809e-13 5.756486728190930769e-12
7.526507753019541730e-05 8.152464724076121934e-13 5.167302499482214253e-12
7.311391385406441879e-05 7.423204924300107792e-13 4.636853779238128668e-12
7.101548715512859798e-05 6.757514843891473653e-13 4.159449360036419501e-12
6.896878107531268507e-05 6.150004747451179826e-13 3.729932713029970733e-12
6.697279069171455828e-05 5.595728370279002261e-13 3.343633428227799225e-12
6.502652262452938438e-05 5.090147600988526980e-13 2.996322902599990585e-12
6.312899513643149298e-05 4.629099877675251608e-13 2.684173919758602063e-12
6.127923822356128687e-05 4.208768097286301080e-13 2.403723793428255165e-12
5.947629369831454048e-05 3.825652852000604156e-13 2.151840773255575336e-12
5.771921526405168838e-05 3.476546819598591126e-13 1.925693435815561401e-12
5.600706858186826697e-05 3.158511147125968631e-13 1.722722806149120880e-12
5.433893132963828123e-05 2.868853678616592208e-13 1.540616975905213697e-12
5.271389325343188963e-05 2.605108888340333872e-13 1.377288003296963134e-12
5.113105621150071378e-05 2.365019391004979637e-13 1.230850897742670623e-12
4.958953421097723498e-05 2.146518909625943800e-13 1.099604508338769236e-12
4.808845343747411653e-05 1.947716590421975936e-13 9.820141503174589798e-13
4.662695227770768811e-05 1.766882562143928690e-13 8.766958174587861090e-13
4.520418133534877145e-05 1.602434644733638386e-13 7.824018411597191845e-13
4.381930344024838699e-05 1.452926119183371081e-13 6.980078685715510835e-13
4.247149365120274052e-05 1.317034476941811387e-13 6.225010429981295978e-13
4.115993925242596787e-05 1.193551073247532461e-13 5.549692796551218620e-13
3.988383974392048839e-05 1.081371614369896692e-13 4.945915390044637135e-13
3.864240682585453262e-05 9.794874139450067501e-14 4.406290082441301989e-13
3.743486437718086899e-05 8.869773584328565682e-14 3.924171092262514845e-13
3.626044842863103537e-05 8.030005262128231158e-14 3.493582581300058280e-13
3.511840713022308744e-05 7.267894090053526170e-14 3.109153086950374631e-13
3.400800071352531190e-05 6.576436881816323636e-14 2.766056167592372990e-13
3.292850144875109384e-05 5.949245221097910200e-14 2.459956692919372796e-13
3.187919359692555006e-05 5.380493040243174652e-14 2.186962261049842624e-13
3.085937335724506052e-05 4.864868529891602281e-14 1.943579269949041279e-13
2.986834880979525244e-05 4.397530033932849913e-14 1.726673212568275711e-13
2.890543985381637616e-05 3.974065610695464337e-14 1.533432803424716771e-13
2.796997814164943973e-05 3.590455965871916744e-14 1.361337579386357991e-13
2.706130700852891406e-05 3.243040485465022311e-14 1.208128649497165671e-13
2.617878139839966534e-05 2.928486118119927814e-14 1.071782297966534759e-13
2.532176778587918959e-05 2.643758875727107528e-14 9.504861712232152850e-14
2.448964409456253849e-05 2.386097739245334906e-14 8.426178043830815233e-14
2.368179961179129941e-05 2.152990773397119841e-14 7.467252647990702641e-14
2.289763490005154695e-05 1.942153269340892137e-14 6.615097107296055511e-14
2.213656170515704017e-05 1.751507748707578598e-14 5.858096817367910424e-14
2.139800286135340083e-05 1.579165675589610862e-14 5.185869543635380994e-14
2.068139219350066831e-05 1.423410735266776050e-14 4.589138120741154190e-14
1.998617441647489973e-05 1.282683549718191354e-14 4.059615925001929307e-14
1.931180503193006298e-05 1.155567710370927504e-14 3.589903878388231573e-14
1.865775022256737270e-05 1.040777018138220645e-14 3.173397859004326670e-14
1.802348674403889711e-05 9.371438296583486212e-15 2.804205499034799224e-14
1.740850181463798297e-05 8.436084168208329298e-15 2.477071447545666500e-14
1.681229300289335186e-05 7.592092542026284895e-15 2.187310263132402168e-14
1.623436811321267282e-05 6.830741559877669716e-15 1.930746181031260629e-14
1.567424506969688927e-05 6.144121903478089889e-15 1.703659071607474260e-14
1.513145179825107978e-05 5.525063051624065154e-15 1.502735972775074037e-14
1.460552610712634270e-05 4.967066043962310663e-15 1.325027638470989037e-14
1.409601556600429292e-05 4.464242194513932053e-15 1.167909599319855243e-14
1.360247738374404603e-05 4.011257244252037714e-15 1.029047280616248480e-14
1.312447828492010212e-05 3.603280484412248495e-15 9.063647671383572979e-15
1.266159438524895092e-05 3.235938421234120988e-15 7.980168445150033402e-15
1.221341106602991545e-05 2.905272588709718495e-15 7.023639832823136663e-15
1.177952284770060384e-05 2.607701148896695136e-15 6.179499647191089953e-15
1.135953326262092936e-05 2.339983949673639458e-15 5.434818773641877000e-15
1.095305472718081019e-05 2.099190737675678893e-15 4.778122400800555756e-15
1.055970841333996071e-05 1.882672249731046031e-15 4.199230319003097681e-15
1.017912411969746939e-05 1.688033929627482941e-15 3.689114309160113717e-15
9.810940142182021116e-06 1.513112038598281021e-15 3.239770843458086983e-15
9.454803144461282346e-06 1.355951947723521094e-15 2.844107498883992204e-15
9.110368028162118412e-06 1.214788418598666948e-15 2.495841646565240102e-15
8.777297802979781732e-06 1.088027695283233282e-15 2.189410126056977165e-15
8.455263456777674250e-06 9.742312458148755941e-16 1.919888745469665648e-15
8.143943825742102629e-06 8.721010055733559661e-16 1.682920567059443506e-15
7.843025464687519024e-06 7.804659876059002100e-16 1.474652044878688809e-15
7.552202517581135760e-06 6.982701367793732749e-16 1.291676177400596244e-15
7.271176588361889886e-06 6.245613153800098740e-16 1.130981924716314316e-15
6.999656612130748672e-06 5.584813176383796277e-16 9.899092179042913021e-16
6.737358726778721921e-06 4.992568196681233889e-16 8.661089583055087071e-16
6.484006145117381657e-06 4.461911795585734974e-16 7.575074674858760561e-16
6.239329027582657947e-06 3.986570099036555789e-16 6.622749053195367041e-16
6.003064355569650559e-06 3.560894519486828961e-16 5.787972245009422004e-16
5.774955805455949644e-06 3.179800868403332374e-16 5.056512754715232747e-16
5.554753623379462039e-06 2.838714252287279571e-16 4.415827167338056053e-16
5.342214500813143102e-06 2.533519217307297788e-16 3.854864222882872178e-16
5.137101451000188662e-06 2.260514655729583308e-16 3.363891108935710396e-16
4.939183686293944551e-06 2.016373031179297860e-16 2.934339513877043445e-16
4.748236496449033296e-06 1.798103519836923299e-16 2.558669247741118155e-16
4.564041127914445391e-06 1.603018701187865224e-16 2.230247474699164998e-16
4.386384664166442297e-06 1.428704465284278262e-16 1.943241813228556500e-16
4.215059907124864547e-06 1.272992833848868466e-16 1.692525749778397079e-16
4.049865259691279941e-06 1.133937420254988059e-16 1.473594981421004918e-16
3.890604609445417100e-06 1.009791278648112035e-16 1.282493454648933654e-16
3.737087213533355752e-06 8.989869154684614529e-17 1.115748003006984980e-16
3.589127584781630333e-06 8.001182575654984960e-17 9.703106072743510689e-17
3.446545379067177681e-06 7.119243901588659989e-17 8.435074099722536882e-17
3.309165283969534631e-06 6.332748952430531871e-17 7.329937123840298561e-17
3.176816908735204847e-06 5.631566368167358954e-17 6.367142682783844055e-17
3.049334675576448557e-06 5.006618536705510161e-17 5.528682652023409515e-17
2.926557712326815785e-06 4.449774335191367778e-17 4.798784525402726705e-17
2.808329746476486506e-06 3.953752541254548413e-17 4.163639364064481583e-17
2.694499000605692475e-06 3.512034878457446994e-17 3.611162156370973716e-17
2.584918089231237762e-06 3.118787758155351398e-17 3.130780813852257737e-17
2.479443917086706416e-06 2.768791868894452493e-17 2.713250457378918432e-17
2.377937578845704243e-06 2.457378845202848512e-17 2.350490029351017856e-17
2.280264260303582491e-06 2.180374320896734285e-17 2.035438606926916504e-17
2.186293141027947571e-06 1.934046738487894825e-17 1.761929092670401173e-17
2.095897298486439017e-06 1.715061346566966762e-17 1.524577226663652438e-17
2.008953613661445411e-06 1.520438871700177988e-17 1.318684101720574334e-17
1.925342678156686306e-06 1.347518400912057469e-17 1.140150574161871847e-17
1.844948702802739864e-06 1.193924055732238958e-17 9.854021496000746006e-18
1.767659427763396411e-06 1.057535079437394260e-17 8.513230889543363800e-18
1.693366034146790798e-06 9.364589959532004586e-18 7.351986268150919082e-18
1.621963057123258353e-06 8.290075322107450790e-18 6.346643244024711317e-18
1.553348300547552058e-06 7.336750259237720814e-18 5.476616945666722884e-18
1.487422753087538944e-06 6.491190680429676597e-18 4.723993382386256048e-18
1.424090505855750208e-06 5.741431538299749461e-18 4.073189219338460611e-18
1.363258671539812657e-06 5.076811388071693532e-18 3.510654056621778234e-18
1.304837305030045629e-06 4.487833160146817406e-18 3.024610010865638954e-18
1.248739325536311017e-06 3.966039492264234578e-18 2.604824020441117110e-18
1.194880440190164797e-06 3.503901132433802934e-18 2.242408845352161064e-18
1.143179069124362338e-06 3.094717072440824185e-18 1.929649218249022596e-18
1.093556272021440504e-06 2.732525205925348120e-18 1.659850031259631293e-18
1.045935676123779723e-06 2.412022426115801210e-18 1.427203821019737035e-18
1.000243405694991783e-06 2.128493187534558148e-18 1.226675147209731867e-18
9.564080129220090355e-07 1.877745654502609670e-18 1.053899753258206774e-18
9.143604102482105593e-07 1.656054648083295745e-18 9.050966562467221133e-19
8.740338041242988362e-07 1.460110683140036187e-18 7.769915404980368434e-19
8.353636301661754462e-07 1.286974459307365454e-18 6.667500294888534593e-19
7.982874897059572611e-07 1.134036234614353802e-18 5.719195867709905510e-19
7.627450877230940174e-07 9.989795689917244570e-19 4.903789513691942858e-19
7.286781721414290089e-07 8.797489775242933424e-19 4.202941491415132850e-19
6.960304744780595640e-07 7.745210806827441081e-19 3.600802410699081968e-19
6.647476518283553636e-07 6.816788813709792516e-19 3.083680743571861919e-19
6.347772301725483744e-07 5.997888369407860730e-19 2.639753942750579662e-19
6.060685489874330527e-07 5.275804287649143135e-19 2.258817554764067279e-19
5.785727071473002451e-07 4.639279629143891888e-19 1.932067423068004592e-19
5.522425100974356027e-07 4.078343632867040833e-19 1.651910697224129133e-19
5.270324182834465112e-07 3.584167435086270395e-19 1.411801908020491272e-19
5.028984968189533091e-07 3.148935663517356851e-19 1.206100844614262027e-19
4.797983663745019032e-07 2.765732195239787753e-19 1.029949386588835468e-19
4.576911552700324874e-07 2.428438547515825889e-19 8.791648085036467103e-20
4.365374527525469366e-07 2.131643532588429990e-19 7.501473934199524920e-20
4.162992634415174214e-07 1.870562952717142440e-19 6.398004706675400822e-20
3.969399629233683247e-07 1.640968241845832671e-19 5.454612366866539982e-20
3.784242544765608491e-07 1.439123076907398669e-19 4.648409305051099343e-20
3.607181269091576738e-07 1.261727086221740780e-19 3.959731211108667720e-20
3.437888134897641038e-07 1.105865875979195338e-19 3.371690260133789310e-20
3.276047519533896047e-07 9.689666795343318607e-20 2.869789216105228428e-20
3.121355455634818130e-07 8.487590091614673685e-20 2.441588291803366205e-20
2.973519252110901336e-07 7.432397569582073370e-20 2.076417676741793876e-20
2.832257125324973592e-07 6.506422515296519084e-20 1.765129579971542636e-20
2.697297840264374645e-07 5.694088306792672168e-20 1.499884448707996771e-20
2.568380361520123294e-07 4.981665382312543130e-20 1.273966732176069080e-20
2.445253513884556659e-07 4.357055959024551254e-20 1.081626176283380975e-20
2.327675652381027024e-07 3.809603393623130716e-20 9.179411704985127137e-21
2.215414341537630268e-07 3.329923417456335363e-20 7.787011339106419586e-21
2.108246043718270322e-07 2.909754783401740861e-20 6.603053318889882875e-21
2.005955816326040624e-07 2.541827133495205942e-20 5.596758659222741010e-21
1.908337017695286921e-07 2.219744138721247736e-20 4.741828839795587722e-21
1.815191021485868357e-07 1.937880178527548307e-20 4.015803231011663504e-21
1.726326939401884458e-07 1.691289020305619129e-20 3.399507251627384509e-21
1.641561352049444302e-07 1.475623130763902683e-20 2.876578654217744831e-21
1.560718047757532188e-07 1.287062404068126093e-20 2.433061055653098292e-21
1.483627769182822332e-07 1.122251227812901878e-20 2.057055320023516077e-21
1.410127967521226090e-07 9.782429291340906474e-21 1.738420691284493678e-21
1.340062564153719255e-07 8.524507511654194994e-21 1.468518688750532125e-21
1.273281719552831477e-07 7.426046060283029605e-21 1.239993743442843098e-21
1.209641609278060043e-07 6.467129359055758161e-21 1.046585387282962895e-21
1.149004206893530969e-07 5.630290896422416462e-21 8.829675276184284490e-22
1.091237073639426885e-07 4.900216897578053174e-21 7.446109617311540764e-22
1.036213154693100159e-07 4.263485246825943322e-21 6.276658230073874630e-22
9.838105818578285770e-08 3.708335542437548173e-21 5.288611137511364386e-22
9.339124825178364576e-08 3.224466636818065929e-21 4.454188791574385075e-22
8.864067947027738377e-08 2.802858434139597643e-21 3.749809213434963317e-22
8.411860881051487650e-08 2.435615089705150662e-21 3.155462490323937452e-22
7.981473908973262882e-08 2.115827085342214551e-21 2.654177139954260054e-22
7.571920221973817008e-08 1.837449947750867503e-21 2.231565052872465302e-22
7.182254300349634411e-08 1.595197636110594071e-21 1.875433615318662290e-22
6.811570346710679474e-08 1.384448855082291860e-21 1.575455242421756142e-22
6.459000771278059110e-08 1.201164752907322509e-21 1.322885950290299573e-22
6.123714727871847917e-08 1.041816644579188485e-21 1.110325797342004452e-22
5.804916699197780670e-08 9.033225596185391691e-22 9.315150572591730318e-23
5.501845130072945748e-08 7.829915551823993144e-22 7.811608718555666413e-23
5.213771107252399055e-08 6.784748601376262113e-22 6.547898922289394296e-23
4.939997084540779808e-08 5.877230261742591367e-22 5.486230684103064993e-23
4.679855651908041665e-08 5.089483596701071241e-22 4.594693064727014473e-23
4.432708347342911473e-08 4.405919942955779194e-22 3.846351907910481568e-23
4.197944510206755068e-08 3.812950405644947091e-22 3.218483791283936478e-23
3.974980174881621596e-08 3.298733158454968524e-22 2.691926291651557216e-23
3.763257003520800190e-08 2.852952177650651122e-22 2.250527153493825717e-23
3.562241256742795892e-08 2.466623563710055446e-22 1.880677517326081590e-23
3.371422801134487464e-08 2.131926066830558489e-22 1.570916559518109785e-23
3.190314152448708886e-08 1.842052840541140376e-22 1.311596770560815177e-23
3.018449553411710237e-08 1.591081807295410792e-22 1.094600700341355664e-23
2.855384085077675420e-08 1.373862336889555924e-22 9.131013660682162147e-24
2.700692810693902639e-08 1.185916217782657302e-22 7.613596848924626075e-24
2.553969951060091601e-08 1.023351147323769598e-22 6.345532879613657235e-24
2.414828090394288290e-08 8.827851833978097167e-23 5.286319205189023265e-24
2.282897411739787690e-08 7.612807905556350766e-23 4.401953550498117528e-24
2.157824960967889317e-08 6.562872813295301924e-23 3.663903596368181335e-24
2.039273938459319101e-08 5.655906008815956719e-23 3.048237873353808309e-24
1.926923017567579385e-08 4.872695327556785743e-23 2.534892978687355945e-24
1.820465688988143181e-08 4.196575174324689829e-23 2.107056017924326391e-24
1.719609630185372815e-08 3.613093754816719445e-23 1.750644392939337966e-24
1.624076099044265550e-08 3.109723150161822198e-23 1.453867793684163399e-24
1.533599350941439937e-08 2.675606803366567581e-23 1.206859574297668272e-24
1.447926078447934934e-08 2.301339663983239984e-23 1.001366665998881195e-24
1.366814872898981987e-08 1.978776831652889721e-23 8.304888520614569847e-25
1.290035707085344016e-08 1.700867060482485604e-23 6.884596487020114318e-25
1.217369438343207745e-08 1.461507943240548999e-23 5.704622380229250604e-25
1.148607331337249092e-08 1.255419994953995908e-23 4.724749176956177668e-25
1.083550599854017667e-08 1.078037206450220878e-23 3.911413945356010550e-25
1.022009966938622276e-08 9.254119457928163535e-24 3.236619790664975733e-25
9.638052427307728623e-09 7.941323547016370207e-24 2.677023556741703544e-25
9.087649193718272036e-09 6.812506226114615895e-24 2.213171250726759946e-25
8.567257823732183351e-09 5.842207271296126648e-24 1.828857570714874473e-25
8.075325378569236618e-09 5.008444099181685738e-24 1.510589643871498042e-25
7.610374550930294732e-09 4.292243146366176794e-24 1.247138229674943500e-25
7.171000237785810779e-09 3.677233513374458018e-24 1.029162299010433287e-25
6.755866255186614142e-09 3.149294720648444089e-24 8.488951402548799488e-26
6.363702189866166615e-09 2.696251475293449556e-24 6.998820324033849516e-26
5.993300382566195926e-09 2.307609265139805964e-24 5.767611170825594724e-26
5.643513038178797668e-09 1.974325397741767794e-24 4.750804420534720233e-26
5.313249457948487136e-09 1.688610800872338221e-24 3.911452775802916281e-26
5.001473389133032933e-09 1.443758510650890239e-24 3.218907568794869056e-26
4.707200487662087271e-09 1.233995304936546646e-24 2.647756907472227032e-26
4.429495889486749887e-09 1.054353402837035228e-24 2.176940780606792100e-26
4.167471886440673490e-09 9.005595547749804419e-25 1.789013981584987310e-26
3.920285702584100434e-09 7.689391990557262759e-25 1.469532450446098464e-26
3.687137367123738552e-09 6.563336669163442634e-25 1.206542612000443832e-26
3.467267680137790677e-09 5.600286843845888201e-25 9.901566258984750892e-27
3.259956267462104529e-09 4.776926510127111655e-25 8.121992638471630447e-27
3.064519721214580804e-09 4.073233770860767308e-25 6.659144756061250599e-27
2.880309822555573653e-09 3.472021361315897982e-25 5.457216712432089487e-27
2.706711843401047367e-09 2.958540418305122063e-25 4.470133933130074925e-27
2.543142923917310814e-09 2.520138907437897078e-25 3.659874304495691140e-27
2.389050522735453174e-09 2.145967271563473806e-25 2.995075765141765712e-27
2.243910936935990671e-09 1.826724861006030010e-25 2.449882032397228410e-27
2.107227888953701602e-09 1.554441571888507087e-25 2.002986198077687447e-27
1.978531177656171404e-09 1.322289869879807707e-25 1.636838656543607379e-27
1.857375390949749537e-09 1.124423028020233450e-25 1.336991445903217274e-27
1.743338677360863932e-09 9.558359719261476041e-26 1.091555771405387601e-27
1.636021574132548707e-09 8.122456149928618614e-26 8.907533905131846634e-28
1.535045889469193115e-09 6.899879901216368063e-26 7.265457992357500046e-28
1.440053636648048975e-09 5.859298515820744109e-26 5.923278758482039817e-28
1.350706017800441588e-09 4.973927384039576552e-26 4.826749006488488703e-28
1.266682455249747427e-09 4.220877656841609578e-26 3.931337538351975628e-28
1.187679668371697607e-09 3.580596480779177012e-26 3.200506606627177658e-28
1.113410794019080539e-09 3.036386654468378047e-26 2.604291562731364051e-28
1.043604548629675431e-09 2.573994584513212988e-26 2.118130258264243635e-28
9.780044302063354676e-10 2.181256955253502205e-26 1.721898755261840675e-28
9.163679584303070402e-10 1.847797853943538972e-26 1.399117374319916479e-28
8.584659512345323075e-10 1.564769238979978575e-26 1.136297311872558814e-28
8.040818362305694909e-10 1.324628628017707581e-26 9.224032030601100909e-29
7.530109954462952233e-10 1.120948736334113827e-26 7.484112726331552456e-29
7.050601418911918713e-10 9.482545320068076319e-27 6.069462516523350429e-29
6.600467265266251007e-10 8.018838092332761289e-27 4.919831660496990894e-29
6.177983742756002758e-10 6.778679282268968952e-27 3.986025274131995073e-29
5.781523477602907616e-10 5.728298414965939574e-27 3.227894623810881941e-29
5.409550375106167922e-10 4.838969323056125207e-27 2.612689761195658425e-29
5.060614774373632199e-10 4.086265406318415217e-27 2.113709168099062182e-29
4.733348844132408844e-10 3.449423527771339547e-27 1.709193411889379900e-29
4.426462208532793306e-10 2.910800895696293390e-27 1.381419169114449328e-29
4.138737792318930845e-10 2.455411506770081425e-27 1.115957698314394217e-29
3.869027875181389202e-10 2.070530638856493361e-27 9.010682143962345889e-30
3.616250345542631086e-10 1.745357526335959211e-27 7.272018704393268369e-30
3.379385144427965867e-10 1.470727763386146098e-27 5.865963823195433745e-30
3.157470890482856746e-10 1.238868193630792224e-27 4.729448977931118464e-30
2.949601677571043344e-10 1.043188085817887397e-27 3.811256477068337645e-30
2.754924036762495878e-10 8.781012886839934709e-28 3.069813329645347885e-30
2.572634054869359134e-10 7.388748245720562544e-28 2.471391878643143382e-30
2.401974642033829214e-10 6.215000385361049627e-28 1.988642937756147283e-30
2.242232941194338983e-10 5.225829829449943826e-28 1.599400590897079096e-30
2.092737872575243954e-10 4.392512002261262350e-28 1.285708833760351700e-30
1.952857806647629742e-10 3.690744797551059639e-28 1.033029281524891771e-30
1.821998359297200054e-10 3.099975188140832254e-28 8.295965865416357194e-31
1.699600303217328088e-10 2.602827204410137562e-28 6.658942934414039107e-31
1.585137589813464397e-10 2.184616201324385541e-28 5.342288445636250631e-31
1.478115476161141048e-10 1.832936549834557078e-28 4.283835320586282389e-31
1.378068751808359242e-10 1.537311783092659628e-28 3.433375359334381474e-31
1.284560060450779019e-10 1.288897847007061077e-28 2.750379225670395748e-31
1.197178311734876881e-10 1.080231487752071269e-28 2.202147151227241192e-31
1.115537178662641328e-10 9.050169899005999818e-29 1.762309756790550840e-31
1.039273676281312905e-10 7.579454869993353432e-29 1.409613326149303545e-31
9.680468175420667310e-11 6.345419266436570121e-29 1.126936064476657146e-31
9.015363424029530648e-11 5.310355058448446505e-29 9.004918269577719718e-32
8.394415164366373881e-11 4.442500181004861419e-29 7.191859224465568214e-32
7.814799953798235813e-11 3.715110867883327972e-29 5.740942160445523665e-32
7.273867522287247135e-11 3.105677137970766561e-29 4.580421479363201265e-32
6.769130636483420534e-11 2.595259592071370641e-29 3.652646782604074579e-32
6.298255526172424339e-11 2.167928972184617497e-29 2.911317431427189955e-32
5.859052843765381345e-11 1.810292738293818697e-29 2.319267157469260179e-32
5.449469128955033824e-11 1.511095302261001057e-29 1.846677313559945255e-32
5.067578751991002516e-11 1.260880586133032115e-29 1.469636576543973155e-32
4.711576310340426963e-11 1.051707295807890956e-29 1.168980526914073331e-32
4.379769454725290284e-11 8.769087655870752616e-30 9.293572054343412197e-33
4.070572121709214875e-11 7.308904731397619584e-30 7.384750319004469626e-33
3.782498151142288110e-11 6.089593806218033864e-30 5.864978121621224448e-33
3.514155267841909267e-11 5.071801541396667108e-30 4.655583203609082876e-33
3.264239407917407913e-11 4.222540742926083947e-30 3.693674204785873549e-33
3.031529371133288399e-11 3.514170955293610866e-30 2.929001261301180421e-33
2.814881781633649433e-11 2.923540588488922660e-30 2.321435865111244208e-33
2.613226340252096450e-11 2.431265257434020267e-30 1.838948893190949908e-33
2.425561352477788171e-11 2.021120937925362365e-30 1.455989182049804253e-33
2.250949516962992267e-11 1.679533866847479527e-30 1.152183984282705054e-33
2.088513960231516926e-11 1.395151927652560682e-30 9.112979559294798087e-34
1.937434503984817320e-11 1.158484642417330369e-30 7.203996820394123465e-34
1.796944152105423568e-11 9.616009049813321327e-31 5.691947173597468280e-34
1.666325785127786378e-11 7.978752917285863468e-31 4.494921570366370438e-34
1.544909050582272855e-11 6.617752250003541192e-31 3.547782293905072862e-34
1.432067438226796056e-11 5.486824792976545112e-31 2.798756194794341023e-34
1.327215529756671250e-11 4.547435465776895612e-31 2.206714313427794278e-34
1.229806413133756721e-11 3.767442431531653102e-31 1.739000751609384069e-34
1.139329252197359217e-11 3.120046715922938372e-31 1.369700820610268286e-34
1.055307002718273334e-11 2.582912674999483219e-31 1.078260324298266942e-34
9.772942665279153262e-12 2.137431808307000327e-31 8.483853713809493315e-35
9.048752758046759040e-12 1.768106794495505681e-31 6.671661880512496470e-35
8.376620000269594545e-12 1.462036317079325992e-31 5.243796972793269332e-35
7.752923685064068364e-12 1.208484355948421261e-31 4.119346886436156153e-35
7.174286018006667190e-12 9.985202364760447955e-32 3.234306621603530319e-35
6.637556456714297544e-12 8.247179295513204207e-32 2.538072448471170581e-35
6.139797015992409500e-12 6.809049476060130926e-32 1.990657345414782745e-35
5.678268481962744869e-12 5.619527386527826919e-32 1.560480509532390511e-35
5.250417481722575915e-12 4.636017889091576400e-32 1.222613533316516826e-35
4.853864358029683096e-12 3.823157439443928072e-32 9.573896557555652564e-36
4.486391801335094611e-12 3.151597815254647085e-32 7.493015207856410633e-36
4.145934194144810401e-12 2.596992443659966165e-32 5.861280658312170988e-36
3.830567625220997120e-12 2.139151913251901742e-32 4.582432845486209678e-36
3.538500533521704556e-12 1.761340711081865465e-32 3.580692753349312372e-36
3.268064944053746070e-12 1.449691798993710709e-32 2.796436932495151119e-36
3.017708259956657390e-12 1.192719477004665609e-32 2.182778622564731169e-36
2.785985577170163062e-12 9.809141929996018410e-33 1.702866930144114738e-36
2.571552489964335941e-12 8.064056475158815152e-33 1.327754415593119759e-36
2.373158357435453233e-12 6.626827938047625531e-33 1.034714382721418557e-36
